5001,1715,8853,Person_5001,80
5002,7165,1453,Person_5002,47
5003,1901,746,Person_5003,26
5004,3154,9380,Person_5004,76
5005,3050,5356,Person_5005,21
5006,631,561,Person_5006,38
5007,6133,3654,Person_5007,38
5008,3485,6753,Person_5008,56
5009,6090,8866,Person_5009,31
5010,4306,2890,Person_5010,45
5011,2213,6781,Person_5011,47
5012,6370,3415,Person_5012,73
5013,4119,9816,Person_5013,22
5014,4250,5069,Person_5014,44
5015,4613,5446,Person_5015,72
5016,1789,7683,Person_5016,28
5017,2803,6244,Person_5017,25
5018,8091,2729,Person_5018,66
5019,4714,9345,Person_5019,36
5020,1054,9077,Person_5020,43
5021,3069,6779,Person_5021,50
5022,415,7759,Person_5022,18
5023,5522,24,Person_5023,24
5024,5990,8443,Person_5024,25
5025,6297,7187,Person_5025,46
5026,6159,7091,Person_5026,30
5027,4910,8367,Person_5027,70
5028,813,2449,Person_5028,38
5029,5938,4765,Person_5029,72
5030,3288,665,Person_5030,19
5031,4455,4008,Person_5031,52
5032,6908,5853,Person_5032,43
5033,9212,8639,Person_5033,74
5034,4278,62,Person_5034,53
5035,6747,8537,Person_5035,39
5036,5279,127,Person_5036,25
5037,9901,8092,Person_5037,28
5038,6833,3982,Person_5038,61
5039,4180,3259,Person_5039,52
5040,8026,1373,Person_5040,18
5041,1418,3323,Person_5041,47
5042,7468,4793,Person_5042,41
5043,3240,9312,Person_5043,28
5044,6169,8016,Person_5044,71
5045,2028,7118,Person_5045,40
5046,8211,1316,Person_5046,43
5047,126,9212,Person_5047,68
5048,9075,5056,Person_5048,60
5049,9169,8524,Person_5049,61
5050,3932,5796,Person_5050,52
5051,6319,4214,Person_5051,20
5052,3647,8964,Person_5052,53
5053,5489,693,Person_5053,73
5054,5972,4924,Person_5054,68
5055,2113,7042,Person_5055,61
5056,8208,9914,Person_5056,29
5057,9865,4962,Person_5057,38
5058,8632,839,Person_5058,75
5059,3042,6147,Person_5059,49
5060,8679,7875,Person_5060,77
5061,704,8163,Person_5061,49
5062,9108,6004,Person_5062,35
5063,2715,5957,Person_5063,35
5064,9778,8150,Person_5064,20
5065,9267,3684,Person_5065,68
5066,1236,8578,Person_5066,75
5067,6878,401,Person_5067,57
5068,3409,3969,Person_5068,73
5069,9718,6056,Person_5069,29
5070,5193,228,Person_5070,62
5071,4544,2317,Person_5071,35
5072,5580,6695,Person_5072,41
5073,2500,9234,Person_5073,43
5074,9086,3078,Person_5074,66
5075,2206,2938,Person_5075,37
5076,3926,5862,Person_5076,36
5077,3095,3962,Person_5077,31
5078,984,6984,Person_5078,26
5079,9615,4797,Person_5079,44
5080,9906,2562,Person_5080,70
5081,8708,9693,Person_5081,76
5082,9613,9589,Person_5082,32
5083,5047,4600,Person_5083,46
5084,3467,8965,Person_5084,68
5085,3130,610,Person_5085,52
5086,1648,62,Person_5086,21
5087,907,6862,Person_5087,42
5088,5735,340,Person_5088,37
5089,5094,9839,Person_5089,35
5090,6537,3318,Person_5090,62
5091,384,9617,Person_5091,50
5092,3473,3909,Person_5092,42
5093,4206,8797,Person_5093,38
5094,56,7655,Person_5094,73
5095,7054,6484,Person_5095,18
5096,8789,4971,Person_5096,59
5097,3824,583,Person_5097,30
5098,9721,5678,Person_5098,44
5099,3573,9156,Person_5099,53
5100,1940,6827,Person_5100,26
5101,145,8850,Person_5101,69
5102,5558,6270,Person_5102,19
5103,2250,3716,Person_5103,58
5104,2310,4353,Person_5104,34
5105,8531,9191,Person_5105,72
5106,56,1766,Person_5106,32
5107,2959,7739,Person_5107,35
5108,2943,9120,Person_5108,44
5109,5129,4437,Person_5109,34
5110,6043,6011,Person_5110,70
5111,3216,3871,Person_5111,64
5112,3165,3398,Person_5112,37
5113,8464,2614,Person_5113,39
5114,3598,7797,Person_5114,71
5115,1171,3478,Person_5115,54
5116,1441,683,Person_5116,32
5117,3976,9515,Person_5117,43
5118,1292,7633,Person_5118,31
5119,6495,8031,Person_5119,40
5120,6399,8144,Person_5120,77
5121,540,2342,Person_5121,20
5122,9066,3944,Person_5122,18
5123,6395,806,Person_5123,48
5124,2900,5979,Person_5124,36
5125,501,9057,Person_5125,29
5126,5468,4761,Person_5126,64
5127,9736,2759,Person_5127,64
5128,4996,4160,Person_5128,45
5129,2081,4464,Person_5129,48
5130,4140,7091,Person_5130,45
5131,1242,7357,Person_5131,75
5132,800,5314,Person_5132,29
5133,7598,6573,Person_5133,61
5134,6988,7746,Person_5134,80
5135,9147,2897,Person_5135,55
5136,4826,7152,Person_5136,48
5137,9724,2805,Person_5137,27
5138,6845,6057,Person_5138,72
5139,4330,9100,Person_5139,65
5140,9469,6830,Person_5140,36
5141,5594,5015,Person_5141,50
5142,3911,6801,Person_5142,59
5143,1368,7819,Person_5143,43
5144,6516,4,Person_5144,44
5145,8886,296,Person_5145,67
5146,6798,6174,Person_5146,63
5147,658,1240,Person_5147,57
5148,625,1954,Person_5148,36
5149,24,3959,Person_5149,46
5150,2752,2880,Person_5150,68
5151,3790,1162,Person_5151,29
5152,7475,9253,Person_5152,47
5153,791,23,Person_5153,31
5154,6601,4602,Person_5154,47
5155,4494,2523,Person_5155,70
5156,3089,7760,Person_5156,47
5157,6982,4058,Person_5157,29
5158,3706,1699,Person_5158,77
5159,4212,3132,Person_5159,54
5160,407,393,Person_5160,55
5161,7947,3208,Person_5161,34
5162,3492,181,Person_5162,30
5163,4998,9469,Person_5163,23
5164,1307,2855,Person_5164,28
5165,9926,908,Person_5165,37
5166,3434,6175,Person_5166,36
5167,4413,5595,Person_5167,36
5168,9866,6874,Person_5168,74
5169,1723,5503,Person_5169,69
5170,2529,594,Person_5170,24
5171,6577,9696,Person_5171,32
5172,4518,1188,Person_5172,47
5173,6616,4741,Person_5173,45
5174,3652,5312,Person_5174,61
5175,1124,9650,Person_5175,26
5176,8005,7234,Person_5176,55
5177,3405,7798,Person_5177,58
5178,4164,4589,Person_5178,47
5179,6359,2446,Person_5179,49
5180,1403,6942,Person_5180,60
5181,7039,410,Person_5181,42
5182,4402,4874,Person_5182,73
5183,5113,753,Person_5183,39
5184,7556,7449,Person_5184,56
5185,4068,3757,Person_5185,72
5186,8345,2908,Person_5186,31
5187,8200,6745,Person_5187,65
5188,6952,7101,Person_5188,55
5189,52,512,Person_5189,47
5190,2306,1433,Person_5190,25
5191,7041,8594,Person_5191,48
5192,4503,7095,Person_5192,62
5193,2497,4187,Person_5193,46
5194,656,9908,Person_5194,20
5195,426,8163,Person_5195,67
5196,5940,6722,Person_5196,29
5197,946,8289,Person_5197,25
5198,4257,6449,Person_5198,49
5199,6487,4028,Person_5199,47
5200,3084,181,Person_5200,33
5201,1417,4814,Person_5201,71
5202,414,643,Person_5202,48
5203,3179,1765,Person_5203,35
5204,7430,4791,Person_5204,66
5205,4059,7353,Person_5205,38
5206,9634,9132,Person_5206,61
5207,3517,6015,Person_5207,78
5208,7123,8511,Person_5208,52
5209,5035,6167,Person_5209,45
5210,1688,7498,Person_5210,73
5211,1613,5540,Person_5211,33
5212,307,3818,Person_5212,59
5213,5623,1230,Person_5213,37
5214,9232,9742,Person_5214,75
5215,7712,4746,Person_5215,19
5216,267,4938,Person_5216,72
5217,7777,7981,Person_5217,70
5218,1211,7291,Person_5218,43
5219,452,7893,Person_5219,44
5220,5695,5923,Person_5220,69
5221,7294,699,Person_5221,59
5222,7032,2315,Person_5222,74
5223,8366,5392,Person_5223,80
5224,9027,2896,Person_5224,51
5225,8343,3168,Person_5225,38
5226,5239,2491,Person_5226,75
5227,7481,7515,Person_5227,44
5228,1599,7250,Person_5228,75
5229,68,5885,Person_5229,28
5230,9528,4243,Person_5230,57
5231,4985,1203,Person_5231,23
5232,365,9486,Person_5232,66
5233,2371,9088,Person_5233,50
5234,1066,6703,Person_5234,65
5235,6085,7573,Person_5235,41
5236,7235,6766,Person_5236,27
5237,1542,5576,Person_5237,37
5238,6037,5689,Person_5238,38
5239,6120,4043,Person_5239,77
5240,274,7557,Person_5240,76
5241,947,7216,Person_5241,50
5242,9188,1553,Person_5242,48
5243,8542,4469,Person_5243,38
5244,1312,7451,Person_5244,50
5245,8180,5267,Person_5245,73
5246,8500,1854,Person_5246,33
5247,5123,669,Person_5247,70
5248,943,4099,Person_5248,61
5249,6343,6205,Person_5249,70
5250,6034,9578,Person_5250,44
5251,9493,2991,Person_5251,27
5252,9763,5384,Person_5252,34
5253,3886,9868,Person_5253,32
5254,1158,6374,Person_5254,46
5255,617,7751,Person_5255,67
5256,7920,1130,Person_5256,65
5257,4248,2414,Person_5257,18
5258,2738,7117,Person_5258,50
5259,3986,7501,Person_5259,49
5260,8821,1826,Person_5260,69
5261,6112,1089,Person_5261,61
5262,7228,6348,Person_5262,40
5263,3482,1320,Person_5263,55
5264,7303,5816,Person_5264,28
5265,4039,5630,Person_5265,73
5266,7496,7618,Person_5266,59
5267,5691,8383,Person_5267,28
5268,2075,4384,Person_5268,24
5269,7391,4507,Person_5269,77
5270,2239,5765,Person_5270,54
5271,1435,3007,Person_5271,53
5272,7684,7320,Person_5272,43
5273,2956,9845,Person_5273,41
5274,9558,3139,Person_5274,69
5275,7404,7006,Person_5275,56
5276,9310,830,Person_5276,55
5277,6683,1489,Person_5277,65
5278,7853,7782,Person_5278,49
5279,5099,2153,Person_5279,42
5280,7673,2262,Person_5280,40
5281,8480,8319,Person_5281,51
5282,9917,3289,Person_5282,43
5283,2654,5784,Person_5283,80
5284,2964,585,Person_5284,62
5285,5590,1434,Person_5285,28
5286,2051,9351,Person_5286,22
5287,1018,9912,Person_5287,69
5288,2212,5743,Person_5288,27
5289,3721,3535,Person_5289,44
5290,546,5285,Person_5290,30
5291,9823,6665,Person_5291,43
5292,5325,3854,Person_5292,21
5293,1158,3454,Person_5293,29
5294,347,5109,Person_5294,28
5295,2691,4790,Person_5295,47
5296,9788,6849,Person_5296,54
5297,4850,870,Person_5297,28
5298,8546,5485,Person_5298,38
5299,960,7034,Person_5299,55
5300,9015,5080,Person_5300,36
5301,6532,2235,Person_5301,38
5302,1465,9748,Person_5302,52
5303,358,8749,Person_5303,61
5304,3365,6748,Person_5304,54
5305,1950,4534,Person_5305,32
5306,6637,6869,Person_5306,51
5307,4466,4197,Person_5307,80
5308,1623,1612,Person_5308,62
5309,9122,3232,Person_5309,69
5310,7714,4483,Person_5310,27
5311,3946,9959,Person_5311,35
5312,2600,4252,Person_5312,21
5313,96,5041,Person_5313,54
5314,2249,4002,Person_5314,67
5315,9159,1278,Person_5315,57
5316,9655,6279,Person_5316,56
5317,7233,247,Person_5317,34
5318,8861,2003,Person_5318,20
5319,5364,8425,Person_5319,39
5320,5076,9893,Person_5320,61
5321,4926,40,Person_5321,18
5322,2917,3813,Person_5322,38
5323,8805,5150,Person_5323,23
5324,2503,1835,Person_5324,33
5325,5138,6974,Person_5325,24
5326,3293,344,Person_5326,43
5327,7971,5172,Person_5327,27
5328,9245,1743,Person_5328,33
5329,1036,632,Person_5329,20
5330,3054,6661,Person_5330,33
5331,1243,9019,Person_5331,45
5332,2837,2694,Person_5332,27
5333,4002,7326,Person_5333,36
5334,5168,1216,Person_5334,72
5335,2301,4840,Person_5335,67
5336,7725,455,Person_5336,39
5337,1283,6006,Person_5337,50
5338,3075,806,Person_5338,53
5339,7012,5591,Person_5339,45
5340,9624,7137,Person_5340,60
5341,7940,8150,Person_5341,59
5342,6385,7685,Person_5342,66
5343,8977,1092,Person_5343,51
5344,3289,2878,Person_5344,64
5345,1017,6262,Person_5345,59
5346,3668,6012,Person_5346,39
5347,168,8448,Person_5347,27
5348,2384,4445,Person_5348,75
5349,121,8982,Person_5349,21
5350,2953,2074,Person_5350,59
5351,7109,9216,Person_5351,21
5352,8882,1776,Person_5352,28
5353,4485,1718,Person_5353,54
5354,1871,4363,Person_5354,58
5355,9442,7212,Person_5355,27
5356,3296,9181,Person_5356,50
5357,729,8370,Person_5357,33
5358,7759,4961,Person_5358,46
5359,6905,4055,Person_5359,75
5360,1917,5630,Person_5360,79
5361,7270,8907,Person_5361,73
5362,1666,7800,Person_5362,69
5363,9808,1113,Person_5363,39
5364,8093,9458,Person_5364,27
5365,6766,3219,Person_5365,30
5366,9752,387,Person_5366,60
5367,4593,3326,Person_5367,53
5368,7882,1869,Person_5368,30
5369,3781,1038,Person_5369,66
5370,7893,6385,Person_5370,76
5371,7502,4076,Person_5371,27
5372,1036,6016,Person_5372,23
5373,512,3056,Person_5373,45
5374,5687,8592,Person_5374,40
5375,978,7305,Person_5375,38
5376,8064,3713,Person_5376,38
5377,6833,6778,Person_5377,58
5378,3776,4024,Person_5378,73
5379,5938,1014,Person_5379,39
5380,7071,6986,Person_5380,23
5381,6707,6095,Person_5381,54
5382,7296,7341,Person_5382,42
5383,7032,2453,Person_5383,79
5384,6586,1306,Person_5384,77
5385,5396,5363,Person_5385,34
5386,4088,9366,Person_5386,74
5387,6562,2399,Person_5387,53
5388,9935,4924,Person_5388,76
5389,8186,7337,Person_5389,56
5390,721,3430,Person_5390,46
5391,9145,7301,Person_5391,47
5392,7436,4907,Person_5392,41
5393,5806,6232,Person_5393,35
5394,3399,4318,Person_5394,53
5395,8278,8320,Person_5395,47
5396,6013,7422,Person_5396,61
5397,7451,9313,Person_5397,43
5398,8115,6661,Person_5398,73
5399,9314,5375,Person_5399,45
5400,8663,157,Person_5400,44
5401,1442,416,Person_5401,41
5402,8810,847,Person_5402,57
5403,7761,7627,Person_5403,79
5404,4633,444,Person_5404,49
5405,2261,1785,Person_5405,49
5406,5886,3140,Person_5406,72
5407,5975,6002,Person_5407,20
5408,7495,5009,Person_5408,26
5409,7596,2776,Person_5409,64
5410,3275,7716,Person_5410,72
5411,5610,6020,Person_5411,56
5412,6865,8473,Person_5412,58
5413,5896,8553,Person_5413,54
5414,8607,2605,Person_5414,18
5415,5540,5954,Person_5415,72
5416,6269,4038,Person_5416,79
5417,6733,3928,Person_5417,61
5418,7446,9371,Person_5418,22
5419,6016,4168,Person_5419,53
5420,1526,9859,Person_5420,37
5421,2408,9853,Person_5421,76
5422,9947,476,Person_5422,58
5423,8097,3461,Person_5423,79
5424,3363,4077,Person_5424,43
5425,4325,9130,Person_5425,30
5426,5687,3281,Person_5426,71
5427,7372,6650,Person_5427,72
5428,3951,2176,Person_5428,30
5429,5322,1615,Person_5429,59
5430,394,4308,Person_5430,46
5431,2468,4961,Person_5431,22
5432,5841,769,Person_5432,50
5433,4400,9028,Person_5433,59
5434,2179,2192,Person_5434,75
5435,8748,5168,Person_5435,18
5436,2749,1348,Person_5436,33
5437,2901,7152,Person_5437,47
5438,5478,2449,Person_5438,59
5439,7413,3570,Person_5439,54
5440,7771,8008,Person_5440,72
5441,345,6892,Person_5441,67
5442,2400,7748,Person_5442,54
5443,7113,8528,Person_5443,29
5444,5061,8185,Person_5444,34
5445,3246,710,Person_5445,71
5446,8757,7846,Person_5446,78
5447,8274,9372,Person_5447,59
5448,893,1040,Person_5448,58
5449,1225,5151,Person_5449,31
5450,1555,9940,Person_5450,61
5451,8734,3769,Person_5451,36
5452,6104,8604,Person_5452,69
5453,8049,6084,Person_5453,72
5454,9688,174,Person_5454,22
5455,7666,8775,Person_5455,21
5456,3718,3784,Person_5456,78
5457,5222,3000,Person_5457,24
5458,1747,3243,Person_5458,52
5459,9256,8720,Person_5459,79
5460,4174,7361,Person_5460,77
5461,3215,9254,Person_5461,22
5462,7435,6625,Person_5462,20
5463,2092,4180,Person_5463,78
5464,7075,7194,Person_5464,60
5465,8327,3963,Person_5465,26
5466,9408,5060,Person_5466,26
5467,6865,7972,Person_5467,36
5468,1072,9544,Person_5468,62
5469,6825,9476,Person_5469,62
5470,5676,309,Person_5470,80
5471,2030,5644,Person_5471,35
5472,1852,5321,Person_5472,39
5473,1082,498,Person_5473,42
5474,8059,7948,Person_5474,74
5475,2011,4322,Person_5475,56
5476,4754,4168,Person_5476,42
5477,6493,3404,Person_5477,50
5478,9310,2886,Person_5478,26
5479,588,7073,Person_5479,68
5480,830,2156,Person_5480,55
5481,4339,187,Person_5481,50
5482,1298,1704,Person_5482,50
5483,1764,9181,Person_5483,70
5484,7832,2602,Person_5484,19
5485,583,5184,Person_5485,79
5486,1088,5932,Person_5486,29
5487,5838,220,Person_5487,50
5488,1854,3472,Person_5488,33
5489,6346,1078,Person_5489,53
5490,2009,2383,Person_5490,39
5491,6724,2250,Person_5491,48
5492,9660,6604,Person_5492,60
5493,3385,8300,Person_5493,53
5494,7212,1479,Person_5494,49
5495,2157,2946,Person_5495,77
5496,7152,1562,Person_5496,61
5497,2988,2983,Person_5497,38
5498,5270,3759,Person_5498,46
5499,6695,6808,Person_5499,74
5500,490,8031,Person_5500,66
5501,5171,7975,Person_5501,48
5502,4867,7361,Person_5502,62
5503,4412,8124,Person_5503,47
5504,3678,4274,Person_5504,62
5505,1645,4309,Person_5505,47
5506,547,2286,Person_5506,39
5507,2112,578,Person_5507,46
5508,4900,4880,Person_5508,71
5509,2386,8267,Person_5509,76
5510,6028,9571,Person_5510,31
5511,2366,2294,Person_5511,23
5512,767,6647,Person_5512,59
5513,1227,1006,Person_5513,27
5514,1342,1338,Person_5514,40
5515,8653,7392,Person_5515,79
5516,8893,8566,Person_5516,74
5517,4791,408,Person_5517,77
5518,6214,8663,Person_5518,39
5519,5548,2984,Person_5519,74
5520,3266,4449,Person_5520,76
5521,1333,169,Person_5521,70
5522,6162,6059,Person_5522,26
5523,8721,2279,Person_5523,41
5524,5068,6253,Person_5524,64
5525,2079,3935,Person_5525,30
5526,1616,6878,Person_5526,34
5527,8172,5163,Person_5527,40
5528,750,4096,Person_5528,58
5529,8149,6022,Person_5529,30
5530,3356,2987,Person_5530,41
5531,5924,7304,Person_5531,65
5532,4451,6941,Person_5532,44
5533,7664,7153,Person_5533,74
5534,2312,767,Person_5534,64
5535,1449,6875,Person_5535,31
5536,5187,6723,Person_5536,19
5537,8992,8340,Person_5537,37
5538,8584,8535,Person_5538,20
5539,1003,150,Person_5539,74
5540,4614,608,Person_5540,73
5541,4918,3384,Person_5541,39
5542,2502,6897,Person_5542,76
5543,8670,3702,Person_5543,58
5544,7600,553,Person_5544,51
5545,9378,7687,Person_5545,80
5546,8862,7683,Person_5546,20
5547,2028,8429,Person_5547,56
5548,3223,1951,Person_5548,52
5549,2178,7899,Person_5549,66
5550,4101,8379,Person_5550,50
5551,1875,7007,Person_5551,28
5552,2061,5124,Person_5552,67
5553,9292,7297,Person_5553,65
5554,141,6678,Person_5554,46
5555,4605,3456,Person_5555,20
5556,7403,6277,Person_5556,54
5557,6619,6,Person_5557,54
5558,8599,7107,Person_5558,21
5559,2429,1986,Person_5559,28
5560,1788,2357,Person_5560,50
5561,6385,2362,Person_5561,70
5562,5779,2109,Person_5562,43
5563,9769,517,Person_5563,53
5564,1315,2511,Person_5564,31
5565,7211,3784,Person_5565,42
5566,4523,3030,Person_5566,18
5567,8696,6450,Person_5567,79
5568,9836,6949,Person_5568,28
5569,6330,2152,Person_5569,25
5570,9962,4184,Person_5570,37
5571,9088,4239,Person_5571,41
5572,9399,746,Person_5572,58
5573,4388,4117,Person_5573,63
5574,7298,9469,Person_5574,28
5575,1516,8433,Person_5575,37
5576,2584,5837,Person_5576,71
5577,4588,1381,Person_5577,60
5578,9253,6758,Person_5578,65
5579,933,6404,Person_5579,65
5580,2975,8482,Person_5580,30
5581,4738,9046,Person_5581,21
5582,522,3398,Person_5582,27
5583,9809,32,Person_5583,41
5584,959,2695,Person_5584,19
5585,7489,515,Person_5585,54
5586,654,1852,Person_5586,80
5587,1003,2514,Person_5587,68
5588,4137,114,Person_5588,64
5589,399,3237,Person_5589,25
5590,9251,2910,Person_5590,40
5591,1332,6046,Person_5591,61
5592,7142,7909,Person_5592,42
5593,3502,5620,Person_5593,19
5594,8295,634,Person_5594,37
5595,5270,4754,Person_5595,59
5596,2245,8678,Person_5596,46
5597,4752,2115,Person_5597,80
5598,2645,7205,Person_5598,59
5599,2960,4286,Person_5599,43
5600,6732,4490,Person_5600,28
5601,8414,5447,Person_5601,47
5602,212,9738,Person_5602,53
5603,9381,7396,Person_5603,26
5604,4190,2118,Person_5604,75
5605,7385,8106,Person_5605,54
5606,6624,3380,Person_5606,35
5607,7138,7261,Person_5607,44
5608,6298,3888,Person_5608,61
5609,2332,8180,Person_5609,27
5610,6153,5986,Person_5610,27
5611,2214,3637,Person_5611,61
5612,8260,990,Person_5612,47
5613,4485,8390,Person_5613,61
5614,5376,200,Person_5614,19
5615,5632,3608,Person_5615,59
5616,7198,8741,Person_5616,69
5617,4015,499,Person_5617,75
5618,9348,7512,Person_5618,19
5619,5881,9024,Person_5619,41
5620,7820,7941,Person_5620,45
5621,2861,8960,Person_5621,40
5622,6315,5455,Person_5622,56
5623,7634,1868,Person_5623,78
5624,4663,6888,Person_5624,73
5625,2084,4731,Person_5625,63
5626,3110,795,Person_5626,72
5627,231,6672,Person_5627,40
5628,5114,6136,Person_5628,70
5629,5036,9877,Person_5629,49
5630,4605,6361,Person_5630,60
5631,78,5496,Person_5631,18
5632,2470,1074,Person_5632,53
5633,4410,6169,Person_5633,65
5634,5466,4151,Person_5634,73
5635,4591,841,Person_5635,53
5636,694,439,Person_5636,38
5637,6603,4356,Person_5637,56
5638,5510,8388,Person_5638,21
5639,6673,9350,Person_5639,79
5640,9239,8178,Person_5640,63
5641,5633,2975,Person_5641,74
5642,1359,9324,Person_5642,24
5643,5042,655,Person_5643,39
5644,8607,1785,Person_5644,41
5645,3479,4806,Person_5645,53
5646,8305,2245,Person_5646,36
5647,7205,460,Person_5647,36
5648,4590,8494,Person_5648,31
5649,6045,842,Person_5649,69
5650,2384,8845,Person_5650,72
5651,7832,2863,Person_5651,69
5652,8407,7254,Person_5652,44
5653,4713,4495,Person_5653,69
5654,1031,5722,Person_5654,44
5655,6598,3483,Person_5655,51
5656,4418,920,Person_5656,35
5657,3690,2068,Person_5657,47
5658,6569,955,Person_5658,36
5659,2477,5474,Person_5659,24
5660,944,7502,Person_5660,26
5661,2200,4580,Person_5661,34
5662,4245,1942,Person_5662,21
5663,2910,4519,Person_5663,59
5664,4005,5572,Person_5664,37
5665,9967,5735,Person_5665,28
5666,2498,3800,Person_5666,30
5667,2928,2909,Person_5667,47
5668,5109,1308,Person_5668,46
5669,7061,4485,Person_5669,54
5670,2620,4532,Person_5670,18
5671,517,1624,Person_5671,57
5672,973,8614,Person_5672,51
5673,8201,3363,Person_5673,26
5674,3881,7321,Person_5674,73
5675,896,9836,Person_5675,33
5676,3393,3087,Person_5676,68
5677,7125,8128,Person_5677,48
5678,9151,9894,Person_5678,23
5679,9632,6188,Person_5679,62
5680,9189,2896,Person_5680,49
5681,5326,1458,Person_5681,41
5682,6916,4779,Person_5682,78
5683,7642,4805,Person_5683,39
5684,263,6635,Person_5684,64
5685,4055,1150,Person_5685,43
5686,6169,8645,Person_5686,41
5687,2676,3175,Person_5687,69
5688,5464,4727,Person_5688,78
5689,3092,6705,Person_5689,48
5690,1641,1320,Person_5690,61
5691,333,2759,Person_5691,78
5692,7405,1791,Person_5692,64
5693,8164,2813,Person_5693,49
5694,9459,2364,Person_5694,47
5695,3939,906,Person_5695,63
5696,461,5013,Person_5696,74
5697,3598,1300,Person_5697,35
5698,9793,758,Person_5698,60
5699,2085,3542,Person_5699,64
5700,8448,6168,Person_5700,40
5701,4238,1225,Person_5701,50
5702,6178,5562,Person_5702,23
5703,4605,7085,Person_5703,37
5704,2966,9574,Person_5704,55
5705,3558,9113,Person_5705,80
5706,2851,8382,Person_5706,52
5707,3935,3043,Person_5707,54
5708,4960,8415,Person_5708,23
5709,8602,329,Person_5709,68
5710,6433,8193,Person_5710,24
5711,8249,7320,Person_5711,79
5712,2718,4886,Person_5712,53
5713,9255,814,Person_5713,36
5714,9413,2021,Person_5714,71
5715,3110,4241,Person_5715,36
5716,9230,3965,Person_5716,35
5717,8193,2972,Person_5717,39
5718,9274,5881,Person_5718,69
5719,9106,9912,Person_5719,30
5720,6894,6610,Person_5720,65
5721,7269,9117,Person_5721,48
5722,4996,4177,Person_5722,46
5723,2346,3209,Person_5723,31
5724,146,4621,Person_5724,51
5725,2006,2972,Person_5725,72
5726,5497,4776,Person_5726,34
5727,86,8867,Person_5727,39
5728,7974,4080,Person_5728,41
5729,2675,9719,Person_5729,31
5730,5035,3511,Person_5730,62
5731,8718,1019,Person_5731,78
5732,2724,8148,Person_5732,21
5733,5431,227,Person_5733,50
5734,8993,6155,Person_5734,35
5735,4252,8930,Person_5735,36
5736,3086,7917,Person_5736,32
5737,6605,3762,Person_5737,38
5738,1846,288,Person_5738,44
5739,1509,1744,Person_5739,46
5740,7383,9291,Person_5740,31
5741,1133,1673,Person_5741,48
5742,7969,2714,Person_5742,61
5743,1285,339,Person_5743,42
5744,1072,106,Person_5744,31
5745,7326,6763,Person_5745,61
5746,839,4501,Person_5746,25
5747,6499,2290,Person_5747,59
5748,7532,3116,Person_5748,72
5749,5311,2729,Person_5749,70
5750,9977,6120,Person_5750,74
5751,2235,1181,Person_5751,75
5752,7606,2996,Person_5752,33
5753,5901,6459,Person_5753,75
5754,9287,7304,Person_5754,76
5755,5113,6775,Person_5755,66
5756,3737,3396,Person_5756,55
5757,5315,5587,Person_5757,68
5758,1962,1914,Person_5758,36
5759,6610,7751,Person_5759,38
5760,1681,5174,Person_5760,56
5761,5826,6854,Person_5761,48
5762,5440,5074,Person_5762,49
5763,8940,248,Person_5763,69
5764,7932,3250,Person_5764,42
5765,1343,6391,Person_5765,44
5766,3626,3640,Person_5766,32
5767,3155,4061,Person_5767,49
5768,3382,6113,Person_5768,40
5769,6589,7088,Person_5769,75
5770,4724,6246,Person_5770,39
5771,424,6412,Person_5771,40
5772,4782,4800,Person_5772,77
5773,2968,2018,Person_5773,40
5774,2416,800,Person_5774,43
5775,9383,5580,Person_5775,22
5776,7179,8773,Person_5776,52
5777,6014,4424,Person_5777,55
5778,3730,7948,Person_5778,79
5779,9279,6391,Person_5779,61
5780,6959,9114,Person_5780,69
5781,6168,598,Person_5781,47
5782,1504,4840,Person_5782,73
5783,8914,2266,Person_5783,47
5784,4784,3120,Person_5784,38
5785,7339,863,Person_5785,40
5786,5613,3833,Person_5786,77
5787,3943,373,Person_5787,72
5788,3640,7775,Person_5788,55
5789,8373,4680,Person_5789,51
5790,8083,5229,Person_5790,64
5791,6600,9031,Person_5791,31
5792,812,9724,Person_5792,76
5793,4587,8089,Person_5793,77
5794,6598,8486,Person_5794,58
5795,642,314,Person_5795,44
5796,5555,6883,Person_5796,34
5797,9962,2215,Person_5797,21
5798,8350,4326,Person_5798,38
5799,9778,9147,Person_5799,56
5800,6266,3247,Person_5800,41
5801,3213,1366,Person_5801,22
5802,4514,8473,Person_5802,59
5803,8614,6769,Person_5803,19
5804,4526,5873,Person_5804,69
5805,3758,7138,Person_5805,62
5806,5993,8594,Person_5806,80
5807,4978,532,Person_5807,23
5808,383,6978,Person_5808,57
5809,766,3099,Person_5809,79
5810,6649,4026,Person_5810,28
5811,4283,6052,Person_5811,31
5812,1588,8296,Person_5812,34
5813,8568,8012,Person_5813,49
5814,1640,6919,Person_5814,54
5815,6999,5509,Person_5815,67
5816,4350,4282,Person_5816,52
5817,248,5280,Person_5817,72
5818,4670,5039,Person_5818,70
5819,1885,8512,Person_5819,30
5820,6369,7959,Person_5820,59
5821,6045,7433,Person_5821,22
5822,3285,1989,Person_5822,32
5823,7819,9486,Person_5823,61
5824,4526,3397,Person_5824,71
5825,2783,152,Person_5825,21
5826,3630,1531,Person_5826,26
5827,9150,8670,Person_5827,76
5828,8351,4302,Person_5828,48
5829,6422,2913,Person_5829,46
5830,5875,9695,Person_5830,26
5831,3698,3669,Person_5831,80
5832,9499,532,Person_5832,62
5833,3446,2447,Person_5833,74
5834,3638,7766,Person_5834,44
5835,2884,9697,Person_5835,48
5836,4116,6088,Person_5836,21
5837,695,1047,Person_5837,77
5838,12,2519,Person_5838,51
5839,9499,2232,Person_5839,27
5840,8670,4812,Person_5840,23
5841,3845,7397,Person_5841,68
5842,7873,1222,Person_5842,43
5843,2228,320,Person_5843,68
5844,5274,1748,Person_5844,54
5845,1701,9814,Person_5845,69
5846,2002,2084,Person_5846,49
5847,558,4829,Person_5847,44
5848,288,9816,Person_5848,80
5849,2755,1125,Person_5849,31
5850,3726,4035,Person_5850,63
5851,2462,5839,Person_5851,35
5852,2787,1834,Person_5852,54
5853,2166,1366,Person_5853,31
5854,8995,4587,Person_5854,48
5855,5814,8003,Person_5855,33
5856,6003,5256,Person_5856,36
5857,8003,732,Person_5857,58
5858,2961,2520,Person_5858,40
5859,2244,4600,Person_5859,31
5860,3667,7632,Person_5860,77
5861,3960,3088,Person_5861,31
5862,9892,2475,Person_5862,77
5863,5134,9427,Person_5863,67
5864,3182,5641,Person_5864,71
5865,913,1708,Person_5865,54
5866,5325,5872,Person_5866,56
5867,4120,146,Person_5867,32
5868,6237,2680,Person_5868,26
5869,221,6768,Person_5869,79
5870,3594,9551,Person_5870,40
5871,6776,696,Person_5871,18
5872,2664,4008,Person_5872,38
5873,4858,7657,Person_5873,76
5874,1434,4381,Person_5874,30
5875,3600,1201,Person_5875,51
5876,6301,133,Person_5876,39
5877,1833,9642,Person_5877,23
5878,7528,7899,Person_5878,43
5879,4184,1673,Person_5879,27
5880,3650,3904,Person_5880,18
5881,3209,655,Person_5881,27
5882,6331,2334,Person_5882,31
5883,7421,3700,Person_5883,46
5884,6685,2537,Person_5884,55
5885,9993,2796,Person_5885,27
5886,8870,3782,Person_5886,50
5887,5980,6799,Person_5887,21
5888,8543,8063,Person_5888,18
5889,7954,7926,Person_5889,42
5890,3792,8142,Person_5890,53
5891,6524,5219,Person_5891,37
5892,5495,8877,Person_5892,37
5893,6353,5386,Person_5893,43
5894,4199,6190,Person_5894,47
5895,8197,1317,Person_5895,78
5896,7874,1226,Person_5896,28
5897,8454,3569,Person_5897,33
5898,6886,6804,Person_5898,60
5899,4164,207,Person_5899,75
5900,6945,9924,Person_5900,68
5901,6177,5734,Person_5901,25
5902,377,732,Person_5902,64
5903,8174,3554,Person_5903,31
5904,762,1296,Person_5904,62
5905,8695,7708,Person_5905,48
5906,409,4816,Person_5906,79
5907,9807,3628,Person_5907,33
5908,7657,5670,Person_5908,42
5909,5863,8678,Person_5909,57
5910,7968,3662,Person_5910,76
5911,4243,9167,Person_5911,25
5912,9905,579,Person_5912,23
5913,287,1953,Person_5913,20
5914,1974,7685,Person_5914,21
5915,3857,3032,Person_5915,33
5916,4032,7949,Person_5916,75
5917,5672,7373,Person_5917,58
5918,3621,7726,Person_5918,55
5919,6449,7075,Person_5919,66
5920,7932,8085,Person_5920,66
5921,5932,4608,Person_5921,27
5922,8686,2296,Person_5922,35
5923,9733,7359,Person_5923,29
5924,2007,9563,Person_5924,31
5925,5322,6318,Person_5925,71
5926,6973,7665,Person_5926,71
5927,5436,6262,Person_5927,23
5928,4353,6894,Person_5928,60
5929,5461,2003,Person_5929,41
5930,5388,9699,Person_5930,42
5931,1832,9652,Person_5931,50
5932,8836,414,Person_5932,78
5933,3202,870,Person_5933,70
5934,2166,6694,Person_5934,63
5935,4513,3527,Person_5935,36
5936,4533,9215,Person_5936,42
5937,2561,7738,Person_5937,49
5938,6101,4362,Person_5938,74
5939,1789,1141,Person_5939,80
5940,6165,3239,Person_5940,67
5941,5529,8040,Person_5941,28
5942,5120,9712,Person_5942,24
5943,5606,744,Person_5943,68
5944,6995,583,Person_5944,72
5945,2634,452,Person_5945,33
5946,2387,7401,Person_5946,36
5947,289,2241,Person_5947,67
5948,2341,4301,Person_5948,35
5949,894,8013,Person_5949,38
5950,237,1207,Person_5950,79
5951,773,7742,Person_5951,19
5952,4677,6762,Person_5952,59
5953,9050,8712,Person_5953,71
5954,4209,5946,Person_5954,33
5955,2779,6201,Person_5955,69
5956,1198,3790,Person_5956,62
5957,8985,6182,Person_5957,61
5958,126,2403,Person_5958,30
5959,6655,3873,Person_5959,72
5960,7367,6077,Person_5960,73
5961,4763,4117,Person_5961,49
5962,1133,1948,Person_5962,52
5963,8188,5884,Person_5963,76
5964,849,9606,Person_5964,38
5965,1784,1739,Person_5965,27
5966,543,3996,Person_5966,46
5967,1354,4592,Person_5967,46
5968,894,741,Person_5968,70
5969,8415,2238,Person_5969,56
5970,5287,7186,Person_5970,47
5971,8774,9401,Person_5971,60
5972,986,7510,Person_5972,64
5973,9965,857,Person_5973,38
5974,2041,3469,Person_5974,67
5975,6155,3899,Person_5975,80
5976,917,7456,Person_5976,45
5977,6006,6650,Person_5977,50
5978,1708,5839,Person_5978,52
5979,9408,4089,Person_5979,35
5980,2885,5052,Person_5980,23
5981,4468,5970,Person_5981,44
5982,6761,1903,Person_5982,32
5983,2069,7193,Person_5983,74
5984,8482,7655,Person_5984,54
5985,5391,2509,Person_5985,25
5986,8806,2817,Person_5986,18
5987,171,1900,Person_5987,27
5988,4082,391,Person_5988,40
5989,5952,2521,Person_5989,50
5990,2374,9614,Person_5990,64
5991,9245,4403,Person_5991,47
5992,2373,5409,Person_5992,59
5993,7566,5585,Person_5993,21
5994,7840,7792,Person_5994,21
5995,6896,7810,Person_5995,22
5996,8638,2999,Person_5996,62
5997,3514,1608,Person_5997,44
5998,6103,7572,Person_5998,65
5999,2742,9592,Person_5999,60
6000,4070,5536,Person_6000,44
6001,4842,951,Person_6001,39
6002,8161,2530,Person_6002,61
6003,4623,2295,Person_6003,52
6004,9194,3432,Person_6004,19
6005,7137,3140,Person_6005,44
6006,6725,5280,Person_6006,43
6007,1709,3958,Person_6007,59
6008,9174,1959,Person_6008,67
6009,2747,558,Person_6009,41
6010,6696,3584,Person_6010,71
6011,7020,6929,Person_6011,74
6012,6534,2097,Person_6012,67
6013,9016,348,Person_6013,21
6014,9296,8294,Person_6014,18
6015,7149,7862,Person_6015,30
6016,4990,2567,Person_6016,32
6017,595,5669,Person_6017,33
6018,7954,1927,Person_6018,32
6019,1998,5511,Person_6019,50
6020,1492,9168,Person_6020,50
6021,2063,708,Person_6021,73
6022,6111,2625,Person_6022,72
6023,1869,6735,Person_6023,41
6024,2776,9801,Person_6024,51
6025,7896,6558,Person_6025,26
6026,5710,4270,Person_6026,38
6027,7418,5413,Person_6027,51
6028,6660,4154,Person_6028,62
6029,480,3000,Person_6029,53
6030,6595,3068,Person_6030,59
6031,2920,854,Person_6031,47
6032,2258,3355,Person_6032,75
6033,7000,3390,Person_6033,51
6034,5704,3359,Person_6034,41
6035,4876,4384,Person_6035,61
6036,8982,2656,Person_6036,67
6037,753,8991,Person_6037,21
6038,9928,4773,Person_6038,20
6039,2383,6869,Person_6039,48
6040,2952,5530,Person_6040,24
6041,6930,3210,Person_6041,28
6042,8381,8278,Person_6042,30
6043,361,1326,Person_6043,69
6044,1298,4493,Person_6044,42
6045,5488,8283,Person_6045,53
6046,1930,2007,Person_6046,38
6047,164,2915,Person_6047,71
6048,5203,8061,Person_6048,56
6049,3106,3989,Person_6049,38
6050,2761,4505,Person_6050,46
6051,2573,5102,Person_6051,75
6052,4583,1185,Person_6052,56
6053,9086,2502,Person_6053,75
6054,1617,3359,Person_6054,80
6055,9510,8367,Person_6055,61
6056,1969,414,Person_6056,60
6057,7185,2983,Person_6057,68
6058,8582,5634,Person_6058,46
6059,252,8806,Person_6059,50
6060,4905,4630,Person_6060,67
6061,1925,8799,Person_6061,28
6062,5971,5680,Person_6062,52
6063,4396,9232,Person_6063,48
6064,4191,5633,Person_6064,47
6065,806,5104,Person_6065,48
6066,9676,696,Person_6066,71
6067,9567,3852,Person_6067,20
6068,8853,3120,Person_6068,25
6069,6172,2990,Person_6069,32
6070,8341,4288,Person_6070,52
6071,3974,2373,Person_6071,78
6072,1664,4835,Person_6072,40
6073,3114,6624,Person_6073,54
6074,9420,6690,Person_6074,74
6075,34,1483,Person_6075,27
6076,798,7124,Person_6076,50
6077,8833,2099,Person_6077,37
6078,48,8962,Person_6078,25
6079,420,187,Person_6079,64
6080,9853,4868,Person_6080,23
6081,3218,3179,Person_6081,67
6082,8410,3506,Person_6082,76
6083,8512,8207,Person_6083,33
6084,3497,5848,Person_6084,61
6085,1183,6162,Person_6085,22
6086,7290,4381,Person_6086,37
6087,6866,5265,Person_6087,55
6088,8126,1582,Person_6088,50
6089,3468,8393,Person_6089,67
6090,8269,4246,Person_6090,67
6091,9894,2966,Person_6091,27
6092,9400,2075,Person_6092,25
6093,1717,5687,Person_6093,42
6094,2140,7692,Person_6094,32
6095,3900,2684,Person_6095,55
6096,1358,4324,Person_6096,31
6097,1423,2334,Person_6097,18
6098,3975,3168,Person_6098,48
6099,7934,8753,Person_6099,34
6100,6332,1704,Person_6100,18
6101,7344,3963,Person_6101,58
6102,2940,6463,Person_6102,25
6103,8267,4543,Person_6103,51
6104,6391,8964,Person_6104,23
6105,1259,1838,Person_6105,40
6106,3471,4381,Person_6106,48
6107,5776,6488,Person_6107,48
6108,1537,9015,Person_6108,78
6109,915,4239,Person_6109,39
6110,6518,735,Person_6110,33
6111,4840,9068,Person_6111,41
6112,1449,9286,Person_6112,36
6113,5667,2708,Person_6113,77
6114,150,7153,Person_6114,49
6115,4413,9797,Person_6115,71
6116,4425,8474,Person_6116,69
6117,148,3425,Person_6117,26
6118,8893,5279,Person_6118,41
6119,7614,5424,Person_6119,35
6120,627,629,Person_6120,79
6121,7372,9381,Person_6121,73
6122,3270,6711,Person_6122,65
6123,1928,2975,Person_6123,49
6124,3786,7743,Person_6124,52
6125,5203,2131,Person_6125,80
6126,2500,2239,Person_6126,49
6127,5959,186,Person_6127,52
6128,8136,3403,Person_6128,73
6129,2969,996,Person_6129,45
6130,2965,9030,Person_6130,53
6131,1017,27,Person_6131,61
6132,7259,8139,Person_6132,58
6133,4918,8865,Person_6133,62
6134,9578,9366,Person_6134,63
6135,2960,8136,Person_6135,75
6136,1027,6332,Person_6136,32
6137,9064,1851,Person_6137,20
6138,5340,2266,Person_6138,70
6139,4812,5936,Person_6139,43
6140,482,1779,Person_6140,34
6141,7053,851,Person_6141,29
6142,4645,582,Person_6142,75
6143,1934,8052,Person_6143,29
6144,3073,3730,Person_6144,20
6145,6288,5416,Person_6145,32
6146,4516,7179,Person_6146,78
6147,5434,1746,Person_6147,56
6148,5704,2387,Person_6148,73
6149,6185,3781,Person_6149,30
6150,3922,4925,Person_6150,68
6151,6084,5668,Person_6151,26
6152,264,3928,Person_6152,22
6153,9364,3065,Person_6153,43
6154,1950,8598,Person_6154,42
6155,4733,411,Person_6155,35
6156,5139,954,Person_6156,46
6157,3767,6642,Person_6157,54
6158,3726,5376,Person_6158,68
6159,2192,9765,Person_6159,69
6160,3947,5174,Person_6160,34
6161,2246,9597,Person_6161,53
6162,9910,9869,Person_6162,44
6163,5485,2324,Person_6163,27
6164,5226,168,Person_6164,78
6165,5679,152,Person_6165,20
6166,6082,5062,Person_6166,63
6167,4013,9354,Person_6167,52
6168,7739,9815,Person_6168,19
6169,252,8908,Person_6169,24
6170,7419,1056,Person_6170,29
6171,9232,7846,Person_6171,79
6172,7473,7623,Person_6172,40
6173,6446,7629,Person_6173,80
6174,3275,5635,Person_6174,59
6175,5021,3511,Person_6175,72
6176,2684,6889,Person_6176,37
6177,919,1082,Person_6177,53
6178,7891,4646,Person_6178,78
6179,569,5761,Person_6179,47
6180,4070,8014,Person_6180,34
6181,1500,7220,Person_6181,20
6182,1470,7255,Person_6182,59
6183,1353,6397,Person_6183,26
6184,2242,7496,Person_6184,21
6185,5510,9088,Person_6185,24
6186,4532,2630,Person_6186,29
6187,9387,8316,Person_6187,61
6188,3272,1527,Person_6188,48
6189,6871,2991,Person_6189,54
6190,2730,1720,Person_6190,80
6191,2013,6274,Person_6191,33
6192,3984,426,Person_6192,65
6193,8967,4432,Person_6193,60
6194,7428,1746,Person_6194,22
6195,2529,3020,Person_6195,65
6196,2648,7114,Person_6196,71
6197,8591,8966,Person_6197,55
6198,5033,2775,Person_6198,33
6199,87,7008,Person_6199,57
6200,6567,9509,Person_6200,39
6201,8165,6602,Person_6201,59
6202,8999,229,Person_6202,67
6203,6521,8474,Person_6203,28
6204,6605,3109,Person_6204,66
6205,8628,1055,Person_6205,40
6206,7727,377,Person_6206,70
6207,4345,489,Person_6207,44
6208,8818,9585,Person_6208,27
6209,4243,7618,Person_6209,27
6210,4468,6090,Person_6210,61
6211,8278,6256,Person_6211,48
6212,7275,2673,Person_6212,61
6213,4941,7517,Person_6213,28
6214,2988,7861,Person_6214,56
6215,6413,4850,Person_6215,51
6216,1814,5557,Person_6216,29
6217,6585,584,Person_6217,50
6218,1201,6360,Person_6218,27
6219,3178,2614,Person_6219,25
6220,2026,6671,Person_6220,48
6221,7422,3822,Person_6221,52
6222,2843,3162,Person_6222,36
6223,2771,7197,Person_6223,74
6224,2839,5352,Person_6224,55
6225,5208,6330,Person_6225,63
6226,9227,2188,Person_6226,58
6227,9689,2074,Person_6227,71
6228,6844,1104,Person_6228,44
6229,2355,2453,Person_6229,20
6230,9611,7352,Person_6230,60
6231,6869,6850,Person_6231,52
6232,2003,2874,Person_6232,79
6233,9779,8641,Person_6233,44
6234,9139,1974,Person_6234,53
6235,9925,4299,Person_6235,47
6236,2011,543,Person_6236,57
6237,7327,9730,Person_6237,25
6238,5919,4786,Person_6238,78
6239,4484,6885,Person_6239,70
6240,3327,9157,Person_6240,48
6241,9698,4026,Person_6241,52
6242,8078,7385,Person_6242,24
6243,9280,8949,Person_6243,61
6244,1490,8586,Person_6244,63
6245,1345,7946,Person_6245,53
6246,6898,6083,Person_6246,44
6247,3226,5799,Person_6247,53
6248,1712,1871,Person_6248,72
6249,1341,9637,Person_6249,73
6250,2178,8259,Person_6250,72
