2501,9209,2157,Person_2501,48
2502,8783,3202,Person_2502,48
2503,1553,3754,Person_2503,18
2504,6747,3478,Person_2504,63
2505,7432,1739,Person_2505,33
2506,182,565,Person_2506,72
2507,8627,9776,Person_2507,40
2508,2528,2958,Person_2508,79
2509,2177,927,Person_2509,79
2510,8391,3293,Person_2510,54
2511,6608,7861,Person_2511,29
2512,9182,4951,Person_2512,35
2513,8881,6719,Person_2513,19
2514,1556,2339,Person_2514,43
2515,7632,2678,Person_2515,80
2516,4093,5420,Person_2516,61
2517,8498,2372,Person_2517,26
2518,3899,1219,Person_2518,76
2519,8714,9827,Person_2519,36
2520,1498,4223,Person_2520,19
2521,9762,2973,Person_2521,80
2522,226,865,Person_2522,22
2523,7050,8242,Person_2523,70
2524,714,6275,Person_2524,59
2525,4874,5137,Person_2525,73
2526,516,9309,Person_2526,51
2527,8981,5940,Person_2527,36
2528,2826,5244,Person_2528,19
2529,6363,290,Person_2529,73
2530,8573,6011,Person_2530,34
2531,4156,4555,Person_2531,46
2532,9583,5819,Person_2532,41
2533,5523,1843,Person_2533,33
2534,9235,4832,Person_2534,74
2535,1962,2758,Person_2535,71
2536,9913,5694,Person_2536,38
2537,989,1927,Person_2537,52
2538,1540,2354,Person_2538,45
2539,2591,7667,Person_2539,40
2540,7057,8046,Person_2540,72
2541,8348,4432,Person_2541,77
2542,9532,4039,Person_2542,22
2543,7253,6340,Person_2543,56
2544,1881,9878,Person_2544,59
2545,4538,8982,Person_2545,32
2546,9613,9471,Person_2546,79
2547,150,2653,Person_2547,38
2548,5363,3336,Person_2548,32
2549,9003,1865,Person_2549,23
2550,8262,8478,Person_2550,63
2551,9047,1758,Person_2551,74
2552,4275,9402,Person_2552,67
2553,6923,3246,Person_2553,25
2554,4173,7665,Person_2554,39
2555,5836,7919,Person_2555,47
2556,3550,4244,Person_2556,67
2557,2626,641,Person_2557,60
2558,1596,1593,Person_2558,58
2559,3413,7204,Person_2559,59
2560,3064,5957,Person_2560,20
2561,9815,6143,Person_2561,31
2562,8594,587,Person_2562,72
2563,7885,6257,Person_2563,71
2564,2336,397,Person_2564,58
2565,7720,1570,Person_2565,25
2566,3026,4058,Person_2566,39
2567,5710,2009,Person_2567,61
2568,2107,6542,Person_2568,54
2569,6789,5907,Person_2569,37
2570,4600,3310,Person_2570,69
2571,3968,162,Person_2571,76
2572,1840,4572,Person_2572,31
2573,9987,2974,Person_2573,79
2574,3270,9354,Person_2574,46
2575,5630,8224,Person_2575,28
2576,791,7105,Person_2576,59
2577,643,5921,Person_2577,29
2578,9953,2672,Person_2578,42
2579,5644,8739,Person_2579,19
2580,671,4549,Person_2580,74
2581,7696,3606,Person_2581,29
2582,6832,6611,Person_2582,19
2583,4837,7645,Person_2583,54
2584,8661,4387,Person_2584,32
2585,2969,9128,Person_2585,29
2586,156,1588,Person_2586,68
2587,8625,5115,Person_2587,25
2588,5742,64,Person_2588,64
2589,7930,7228,Person_2589,38
2590,4633,2055,Person_2590,77
2591,1902,2191,Person_2591,57
2592,7571,6321,Person_2592,78
2593,8193,3600,Person_2593,54
2594,2092,8348,Person_2594,74
2595,454,2859,Person_2595,66
2596,1322,9890,Person_2596,32
2597,3720,694,Person_2597,50
2598,8945,6413,Person_2598,56
2599,9337,1825,Person_2599,34
2600,6803,665,Person_2600,30
2601,9928,463,Person_2601,43
2602,1878,6282,Person_2602,31
2603,7441,7221,Person_2603,20
2604,794,5811,Person_2604,69
2605,2284,4744,Person_2605,51
2606,5166,2986,Person_2606,37
2607,2336,9060,Person_2607,32
2608,3931,3476,Person_2608,61
2609,1726,9944,Person_2609,27
2610,1667,7742,Person_2610,28
2611,7332,9439,Person_2611,42
2612,5345,3864,Person_2612,28
2613,1530,29,Person_2613,49
2614,1408,8208,Person_2614,72
2615,4207,8096,Person_2615,47
2616,7394,4752,Person_2616,65
2617,8450,5815,Person_2617,37
2618,3464,3594,Person_2618,68
2619,7099,5772,Person_2619,35
2620,7253,8098,Person_2620,48
2621,5503,3657,Person_2621,34
2622,336,9300,Person_2622,75
2623,8583,798,Person_2623,56
2624,1804,3615,Person_2624,66
2625,5965,7498,Person_2625,33
2626,5466,4849,Person_2626,79
2627,2009,3996,Person_2627,57
2628,5243,8500,Person_2628,39
2629,4682,9175,Person_2629,55
2630,9366,3978,Person_2630,71
2631,1150,8584,Person_2631,45
2632,4007,129,Person_2632,47
2633,1101,4644,Person_2633,50
2634,512,1884,Person_2634,71
2635,9004,5364,Person_2635,23
2636,2621,5107,Person_2636,20
2637,5210,8353,Person_2637,41
2638,7427,9887,Person_2638,40
2639,4152,8610,Person_2639,27
2640,7357,1449,Person_2640,49
2641,4545,9542,Person_2641,35
2642,4723,4234,Person_2642,68
2643,3974,7873,Person_2643,22
2644,9233,1503,Person_2644,31
2645,277,6821,Person_2645,79
2646,9191,361,Person_2646,73
2647,4915,8466,Person_2647,39
2648,7290,5137,Person_2648,77
2649,5536,5725,Person_2649,48
2650,5428,4708,Person_2650,26
2651,7757,283,Person_2651,80
2652,2714,1180,Person_2652,19
2653,1627,6389,Person_2653,22
2654,808,5813,Person_2654,30
2655,6033,209,Person_2655,40
2656,6404,7839,Person_2656,33
2657,6213,4773,Person_2657,18
2658,3573,2903,Person_2658,62
2659,3896,5563,Person_2659,40
2660,3868,7032,Person_2660,44
2661,5676,2290,Person_2661,60
2662,8100,4035,Person_2662,26
2663,7033,2438,Person_2663,60
2664,1379,6740,Person_2664,70
2665,3033,8826,Person_2665,45
2666,9865,2056,Person_2666,42
2667,9596,3261,Person_2667,68
2668,3309,1281,Person_2668,48
2669,3957,3299,Person_2669,66
2670,9668,1239,Person_2670,78
2671,6226,159,Person_2671,24
2672,3413,2579,Person_2672,67
2673,7905,6854,Person_2673,30
2674,3954,1323,Person_2674,20
2675,5850,6495,Person_2675,78
2676,8880,1025,Person_2676,35
2677,1335,510,Person_2677,71
2678,6442,3922,Person_2678,77
2679,9789,3578,Person_2679,28
2680,8974,7569,Person_2680,30
2681,3083,6914,Person_2681,33
2682,2634,2235,Person_2682,72
2683,6515,5390,Person_2683,28
2684,3709,8273,Person_2684,47
2685,3403,3623,Person_2685,57
2686,6513,2092,Person_2686,49
2687,2748,6212,Person_2687,45
2688,925,9276,Person_2688,35
2689,1408,7469,Person_2689,74
2690,1007,8915,Person_2690,35
2691,3435,1912,Person_2691,23
2692,3931,7017,Person_2692,74
2693,7779,2376,Person_2693,68
2694,7744,3636,Person_2694,43
2695,4166,780,Person_2695,71
2696,9980,2737,Person_2696,80
2697,3541,3746,Person_2697,30
2698,1648,9509,Person_2698,37
2699,528,3922,Person_2699,72
2700,4944,1507,Person_2700,52
2701,8214,3273,Person_2701,73
2702,573,4321,Person_2702,31
2703,635,4380,Person_2703,67
2704,28,5631,Person_2704,54
2705,7657,6740,Person_2705,70
2706,7438,7269,Person_2706,50
2707,3790,9330,Person_2707,41
2708,5332,2108,Person_2708,46
2709,1512,7121,Person_2709,24
2710,1049,1454,Person_2710,21
2711,5917,6262,Person_2711,35
2712,4043,7876,Person_2712,41
2713,7285,7870,Person_2713,53
2714,7873,4682,Person_2714,27
2715,4818,4826,Person_2715,62
2716,2867,4782,Person_2716,42
2717,3864,4961,Person_2717,35
2718,6403,6985,Person_2718,29
2719,5646,2133,Person_2719,49
2720,5049,8371,Person_2720,59
2721,7238,8034,Person_2721,73
2722,3874,8775,Person_2722,31
2723,5348,3594,Person_2723,78
2724,1685,2025,Person_2724,65
2725,154,8992,Person_2725,69
2726,831,1185,Person_2726,55
2727,4564,8075,Person_2727,41
2728,8231,7695,Person_2728,40
2729,7589,1472,Person_2729,54
2730,5574,4726,Person_2730,62
2731,5377,5990,Person_2731,62
2732,4072,1483,Person_2732,68
2733,840,9106,Person_2733,33
2734,1197,5719,Person_2734,75
2735,6028,2563,Person_2735,71
2736,4270,6054,Person_2736,35
2737,3833,4922,Person_2737,56
2738,4689,4152,Person_2738,45
2739,6583,492,Person_2739,66
2740,930,9971,Person_2740,34
2741,7554,9153,Person_2741,56
2742,5158,2890,Person_2742,69
2743,8789,3857,Person_2743,53
2744,9409,2759,Person_2744,22
2745,7196,3275,Person_2745,42
2746,1813,817,Person_2746,62
2747,9115,3954,Person_2747,67
2748,8197,342,Person_2748,69
2749,2714,1822,Person_2749,21
2750,9869,8345,Person_2750,50
2751,7378,2417,Person_2751,37
2752,4477,1679,Person_2752,60
2753,6687,1946,Person_2753,48
2754,9522,2623,Person_2754,68
2755,2967,5776,Person_2755,18
2756,812,3585,Person_2756,20
2757,7601,1128,Person_2757,75
2758,6969,5990,Person_2758,67
2759,9027,1973,Person_2759,77
2760,4947,1953,Person_2760,24
2761,5651,6567,Person_2761,70
2762,7879,399,Person_2762,70
2763,2885,6863,Person_2763,32
2764,9939,2922,Person_2764,57
2765,3097,851,Person_2765,37
2766,2992,4004,Person_2766,68
2767,7575,3830,Person_2767,36
2768,4908,8030,Person_2768,62
2769,1109,5321,Person_2769,71
2770,1544,635,Person_2770,28
2771,3779,9856,Person_2771,48
2772,7970,5230,Person_2772,51
2773,6965,9698,Person_2773,60
2774,4419,7386,Person_2774,25
2775,2985,6052,Person_2775,68
2776,8556,9195,Person_2776,66
2777,8974,5008,Person_2777,18
2778,2110,3927,Person_2778,50
2779,1791,7444,Person_2779,78
2780,4156,2341,Person_2780,65
2781,3894,6324,Person_2781,56
2782,6166,6011,Person_2782,51
2783,3828,2635,Person_2783,74
2784,4482,8550,Person_2784,25
2785,7298,1645,Person_2785,72
2786,2312,5053,Person_2786,21
2787,5718,502,Person_2787,25
2788,928,8903,Person_2788,33
2789,9812,503,Person_2789,69
2790,9196,7293,Person_2790,54
2791,7315,2903,Person_2791,34
2792,4926,5649,Person_2792,23
2793,89,6097,Person_2793,70
2794,9953,3323,Person_2794,66
2795,4688,2504,Person_2795,30
2796,7557,7928,Person_2796,49
2797,6720,5775,Person_2797,23
2798,7775,5969,Person_2798,78
2799,1005,3247,Person_2799,73
2800,3068,7698,Person_2800,31
2801,459,9116,Person_2801,23
2802,9198,9390,Person_2802,32
2803,2765,818,Person_2803,50
2804,4079,9776,Person_2804,66
2805,6252,8841,Person_2805,29
2806,7036,1107,Person_2806,69
2807,217,4231,Person_2807,41
2808,4078,2048,Person_2808,54
2809,31,8301,Person_2809,32
2810,7802,4110,Person_2810,36
2811,3016,6962,Person_2811,79
2812,681,7609,Person_2812,19
2813,4344,2926,Person_2813,21
2814,3611,8694,Person_2814,77
2815,6029,2039,Person_2815,19
2816,124,3521,Person_2816,34
2817,821,1081,Person_2817,27
2818,7793,1468,Person_2818,38
2819,167,9274,Person_2819,27
2820,8821,6180,Person_2820,37
2821,7409,6733,Person_2821,22
2822,8014,8252,Person_2822,58
2823,3022,191,Person_2823,28
2824,9990,5605,Person_2824,54
2825,7287,7168,Person_2825,74
2826,962,6665,Person_2826,31
2827,5177,7548,Person_2827,42
2828,3402,346,Person_2828,28
2829,8208,8582,Person_2829,32
2830,639,1093,Person_2830,74
2831,3365,323,Person_2831,39
2832,1820,9950,Person_2832,77
2833,6589,1474,Person_2833,45
2834,8306,7857,Person_2834,20
2835,1232,7784,Person_2835,70
2836,5124,2826,Person_2836,65
2837,5606,140,Person_2837,69
2838,848,6737,Person_2838,61
2839,1757,1050,Person_2839,27
2840,3663,326,Person_2840,61
2841,3132,8026,Person_2841,50
2842,2997,455,Person_2842,46
2843,9660,58,Person_2843,31
2844,1465,7497,Person_2844,61
2845,1000,5716,Person_2845,24
2846,8866,3999,Person_2846,37
2847,4383,9862,Person_2847,55
2848,7238,2267,Person_2848,67
2849,4074,73,Person_2849,24
2850,7507,9491,Person_2850,67
2851,5630,5771,Person_2851,69
2852,3999,5408,Person_2852,20
2853,7593,9074,Person_2853,38
2854,1652,9764,Person_2854,68
2855,171,6650,Person_2855,64
2856,8037,9646,Person_2856,32
2857,6800,2669,Person_2857,41
2858,7439,7630,Person_2858,80
2859,6161,777,Person_2859,67
2860,4266,1439,Person_2860,22
2861,1601,1195,Person_2861,75
2862,9192,9652,Person_2862,63
2863,4731,4149,Person_2863,69
2864,6610,5792,Person_2864,75
2865,5172,9823,Person_2865,29
2866,3326,9593,Person_2866,44
2867,4605,4778,Person_2867,49
2868,1170,8546,Person_2868,33
2869,2593,7231,Person_2869,51
2870,5953,518,Person_2870,20
2871,568,7383,Person_2871,69
2872,5491,2648,Person_2872,36
2873,1642,5949,Person_2873,75
2874,6412,7811,Person_2874,18
2875,3692,8063,Person_2875,72
2876,2943,8985,Person_2876,26
2877,4168,6231,Person_2877,29
2878,1571,6725,Person_2878,73
2879,9249,7253,Person_2879,26
2880,3101,8877,Person_2880,43
2881,2974,729,Person_2881,35
2882,9680,7476,Person_2882,60
2883,9312,8622,Person_2883,45
2884,7775,9980,Person_2884,54
2885,9299,6218,Person_2885,35
2886,6253,7614,Person_2886,36
2887,5606,606,Person_2887,63
2888,3622,8426,Person_2888,38
2889,7843,4127,Person_2889,57
2890,1467,7438,Person_2890,34
2891,4330,4507,Person_2891,37
2892,1429,857,Person_2892,80
2893,3791,1178,Person_2893,33
2894,6093,9277,Person_2894,46
2895,930,1852,Person_2895,55
2896,7663,2055,Person_2896,18
2897,3041,9366,Person_2897,63
2898,1799,9611,Person_2898,31
2899,7564,6435,Person_2899,32
2900,6845,3505,Person_2900,79
2901,4399,6834,Person_2901,45
2902,7495,1371,Person_2902,28
2903,7903,4174,Person_2903,48
2904,4922,2514,Person_2904,37
2905,4609,5688,Person_2905,56
2906,5541,1494,Person_2906,45
2907,9280,8745,Person_2907,19
2908,9942,8460,Person_2908,64
2909,9573,5869,Person_2909,48
2910,9872,4476,Person_2910,62
2911,182,9606,Person_2911,78
2912,6418,6267,Person_2912,78
2913,9779,513,Person_2913,40
2914,3871,8254,Person_2914,80
2915,7016,6188,Person_2915,44
2916,7672,8727,Person_2916,79
2917,9872,5852,Person_2917,78
2918,7851,5461,Person_2918,51
2919,7208,1107,Person_2919,63
2920,3586,100,Person_2920,76
2921,5743,3785,Person_2921,75
2922,2417,7478,Person_2922,37
2923,8462,2377,Person_2923,43
2924,8255,759,Person_2924,26
2925,5208,9633,Person_2925,41
2926,4459,1118,Person_2926,51
2927,6950,1290,Person_2927,24
2928,945,926,Person_2928,55
2929,8331,1739,Person_2929,59
2930,9002,5172,Person_2930,27
2931,6796,6396,Person_2931,76
2932,9284,3896,Person_2932,36
2933,6520,9841,Person_2933,31
2934,8172,2369,Person_2934,74
2935,8160,4143,Person_2935,51
2936,9997,2560,Person_2936,27
2937,8988,1655,Person_2937,34
2938,2971,2517,Person_2938,73
2939,1611,4106,Person_2939,72
2940,4275,6815,Person_2940,22
2941,4817,9862,Person_2941,77
2942,3245,2219,Person_2942,80
2943,116,6466,Person_2943,21
2944,612,7426,Person_2944,70
2945,544,7465,Person_2945,27
2946,8327,3138,Person_2946,63
2947,1750,2903,Person_2947,74
2948,3495,7225,Person_2948,42
2949,6988,4707,Person_2949,62
2950,7184,5365,Person_2950,26
2951,5088,224,Person_2951,38
2952,7250,810,Person_2952,20
2953,7678,5223,Person_2953,65
2954,1561,6534,Person_2954,61
2955,5470,522,Person_2955,77
2956,9989,8265,Person_2956,55
2957,7720,9867,Person_2957,70
2958,5081,5774,Person_2958,28
2959,2508,5115,Person_2959,27
2960,9840,5700,Person_2960,51
2961,181,1138,Person_2961,66
2962,1284,4489,Person_2962,61
2963,8476,3125,Person_2963,78
2964,2032,3105,Person_2964,23
2965,4738,5864,Person_2965,74
2966,8225,1652,Person_2966,73
2967,1145,9075,Person_2967,36
2968,2233,4707,Person_2968,27
2969,9443,5392,Person_2969,49
2970,834,5581,Person_2970,43
2971,3838,1403,Person_2971,46
2972,338,408,Person_2972,33
2973,7577,5926,Person_2973,19
2974,9154,8314,Person_2974,72
2975,9429,7284,Person_2975,19
2976,5120,8215,Person_2976,49
2977,9398,2734,Person_2977,76
2978,1393,5748,Person_2978,58
2979,4585,2783,Person_2979,75
2980,6211,2100,Person_2980,50
2981,9832,6590,Person_2981,52
2982,5973,9792,Person_2982,75
2983,5182,1757,Person_2983,21
2984,8923,8892,Person_2984,64
2985,1430,7645,Person_2985,21
2986,1790,6533,Person_2986,57
2987,2455,4931,Person_2987,70
2988,8459,3065,Person_2988,39
2989,5953,456,Person_2989,42
2990,2898,2792,Person_2990,29
2991,7010,3787,Person_2991,80
2992,3181,6992,Person_2992,30
2993,3352,6117,Person_2993,35
2994,8890,6353,Person_2994,57
2995,3113,1394,Person_2995,45
2996,6631,2992,Person_2996,58
2997,3713,2158,Person_2997,49
2998,9364,8909,Person_2998,55
2999,6955,6092,Person_2999,27
3000,5573,6271,Person_3000,54
3001,3524,6745,Person_3001,72
3002,9213,9608,Person_3002,72
3003,2587,7836,Person_3003,72
3004,4089,8412,Person_3004,51
3005,1375,316,Person_3005,36
3006,5063,8408,Person_3006,65
3007,9724,5902,Person_3007,29
3008,5120,1269,Person_3008,74
3009,1628,4597,Person_3009,70
3010,1283,4238,Person_3010,22
3011,2695,8627,Person_3011,67
3012,3876,505,Person_3012,27
3013,3211,9758,Person_3013,41
3014,8515,1108,Person_3014,53
3015,693,8463,Person_3015,51
3016,4763,1245,Person_3016,34
3017,7836,8178,Person_3017,36
3018,9912,7486,Person_3018,46
3019,1134,3503,Person_3019,59
3020,4114,5256,Person_3020,34
3021,9809,1331,Person_3021,62
3022,1076,389,Person_3022,35
3023,8866,9264,Person_3023,37
3024,51,9423,Person_3024,45
3025,3015,3900,Person_3025,25
3026,2494,3476,Person_3026,56
3027,9009,5475,Person_3027,71
3028,4745,6564,Person_3028,58
3029,2889,6814,Person_3029,80
3030,1551,4958,Person_3030,35
3031,9849,1922,Person_3031,43
3032,531,9091,Person_3032,23
3033,42,5345,Person_3033,56
3034,5687,2408,Person_3034,57
3035,7526,6475,Person_3035,49
3036,5572,7851,Person_3036,23
3037,8872,5220,Person_3037,22
3038,7295,3629,Person_3038,49
3039,5222,2048,Person_3039,23
3040,1329,4263,Person_3040,37
3041,8424,9514,Person_3041,73
3042,7226,4161,Person_3042,34
3043,8813,1818,Person_3043,62
3044,2913,9310,Person_3044,47
3045,4612,3122,Person_3045,54
3046,7573,828,Person_3046,50
3047,3610,7973,Person_3047,24
3048,2115,7700,Person_3048,77
3049,4015,243,Person_3049,59
3050,5589,1949,Person_3050,29
3051,9565,5828,Person_3051,52
3052,340,4435,Person_3052,43
3053,7344,810,Person_3053,80
3054,3826,1972,Person_3054,38
3055,8988,5604,Person_3055,57
3056,3278,3886,Person_3056,25
3057,367,5128,Person_3057,67
3058,706,2446,Person_3058,34
3059,8240,4714,Person_3059,27
3060,7002,120,Person_3060,56
3061,8379,3819,Person_3061,59
3062,4729,2015,Person_3062,76
3063,3862,7292,Person_3063,54
3064,5122,9432,Person_3064,57
3065,9407,1460,Person_3065,65
3066,4308,2983,Person_3066,66
3067,5206,7661,Person_3067,18
3068,1164,8246,Person_3068,20
3069,952,6609,Person_3069,44
3070,9041,3082,Person_3070,36
3071,2165,2239,Person_3071,45
3072,7945,5632,Person_3072,71
3073,6979,3177,Person_3073,44
3074,5486,8947,Person_3074,43
3075,851,2883,Person_3075,46
3076,2946,2865,Person_3076,41
3077,8075,1789,Person_3077,37
3078,5601,3875,Person_3078,32
3079,2000,9234,Person_3079,32
3080,5160,2917,Person_3080,25
3081,2773,8827,Person_3081,77
3082,8026,3080,Person_3082,55
3083,9175,3049,Person_3083,62
3084,5469,632,Person_3084,39
3085,5370,8740,Person_3085,25
3086,4767,2777,Person_3086,32
3087,8169,2124,Person_3087,32
3088,6671,8876,Person_3088,28
3089,4172,4488,Person_3089,30
3090,4890,8658,Person_3090,70
3091,1367,804,Person_3091,24
3092,1420,7081,Person_3092,60
3093,4801,9433,Person_3093,61
3094,8591,9128,Person_3094,40
3095,3743,7861,Person_3095,76
3096,2653,1742,Person_3096,57
3097,2391,2966,Person_3097,61
3098,6625,2585,Person_3098,65
3099,8427,3012,Person_3099,52
3100,7037,967,Person_3100,71
3101,7762,86,Person_3101,75
3102,5570,2786,Person_3102,33
3103,8220,2867,Person_3103,35
3104,448,3124,Person_3104,62
3105,4818,2497,Person_3105,40
3106,3050,9915,Person_3106,51
3107,2358,7109,Person_3107,52
3108,9681,5077,Person_3108,26
3109,203,7962,Person_3109,24
3110,7623,6850,Person_3110,46
3111,4302,3921,Person_3111,31
3112,5500,5131,Person_3112,67
3113,3978,106,Person_3113,48
3114,3824,7361,Person_3114,64
3115,6392,14,Person_3115,62
3116,2577,2698,Person_3116,42
3117,4813,861,Person_3117,18
3118,7939,5494,Person_3118,38
3119,7890,5994,Person_3119,32
3120,9618,2132,Person_3120,42
3121,7194,1829,Person_3121,54
3122,5177,206,Person_3122,58
3123,914,1263,Person_3123,26
3124,404,8601,Person_3124,53
3125,4463,5474,Person_3125,27
3126,7099,3104,Person_3126,72
3127,2773,4229,Person_3127,53
3128,231,4574,Person_3128,37
3129,1224,3053,Person_3129,42
3130,7913,1199,Person_3130,24
3131,4028,2348,Person_3131,40
3132,9652,582,Person_3132,65
3133,1561,3208,Person_3133,69
3134,5971,2437,Person_3134,19
3135,3978,7710,Person_3135,35
3136,3352,3923,Person_3136,34
3137,5521,9019,Person_3137,73
3138,2382,2299,Person_3138,27
3139,5904,9504,Person_3139,51
3140,4617,8202,Person_3140,74
3141,9224,8597,Person_3141,51
3142,9031,9005,Person_3142,79
3143,9332,8510,Person_3143,71
3144,1107,8879,Person_3144,69
3145,8727,8228,Person_3145,45
3146,7438,8611,Person_3146,64
3147,342,2123,Person_3147,47
3148,3244,4406,Person_3148,27
3149,3993,5304,Person_3149,35
3150,7421,8766,Person_3150,20
3151,4000,5816,Person_3151,39
3152,975,4155,Person_3152,66
3153,7146,9844,Person_3153,45
3154,7278,4203,Person_3154,28
3155,2406,3997,Person_3155,65
3156,7981,1095,Person_3156,80
3157,9743,1312,Person_3157,68
3158,477,3042,Person_3158,55
3159,3976,7218,Person_3159,40
3160,2394,5714,Person_3160,29
3161,6502,745,Person_3161,70
3162,1355,2179,Person_3162,79
3163,2527,3349,Person_3163,58
3164,2067,234,Person_3164,35
3165,5228,8303,Person_3165,65
3166,3323,9993,Person_3166,51
3167,3689,4468,Person_3167,25
3168,4181,3849,Person_3168,48
3169,8203,21,Person_3169,36
3170,8357,4566,Person_3170,73
3171,9740,5526,Person_3171,20
3172,9353,9711,Person_3172,21
3173,3950,3058,Person_3173,32
3174,3468,2434,Person_3174,30
3175,7129,9774,Person_3175,41
3176,373,4184,Person_3176,43
3177,4935,2957,Person_3177,73
3178,2948,6017,Person_3178,26
3179,7000,3860,Person_3179,74
3180,9911,153,Person_3180,33
3181,4716,2421,Person_3181,43
3182,8772,6063,Person_3182,52
3183,8206,5968,Person_3183,60
3184,2474,908,Person_3184,34
3185,7006,8583,Person_3185,21
3186,3463,8868,Person_3186,55
3187,2848,2570,Person_3187,75
3188,9052,5289,Person_3188,43
3189,9532,1897,Person_3189,46
3190,7579,6553,Person_3190,43
3191,9647,7180,Person_3191,52
3192,6990,5974,Person_3192,55
3193,8583,9641,Person_3193,40
3194,100,3016,Person_3194,22
3195,6554,1044,Person_3195,31
3196,2277,3474,Person_3196,43
3197,9079,5748,Person_3197,44
3198,3469,4787,Person_3198,36
3199,8873,4612,Person_3199,57
3200,5319,6020,Person_3200,55
3201,9590,487,Person_3201,19
3202,5197,7768,Person_3202,63
3203,8034,1968,Person_3203,65
3204,2594,2332,Person_3204,51
3205,4964,7457,Person_3205,73
3206,5046,2975,Person_3206,30
3207,982,474,Person_3207,60
3208,9895,5134,Person_3208,22
3209,6146,6501,Person_3209,24
3210,1762,4058,Person_3210,21
3211,5974,5057,Person_3211,77
3212,1998,4156,Person_3212,68
3213,8429,5010,Person_3213,43
3214,6909,5205,Person_3214,24
3215,21,5058,Person_3215,57
3216,3498,1529,Person_3216,45
3217,9866,9660,Person_3217,50
3218,5224,7241,Person_3218,79
3219,8291,1664,Person_3219,22
3220,9765,738,Person_3220,61
3221,5848,9653,Person_3221,66
3222,7233,3941,Person_3222,23
3223,7870,5423,Person_3223,28
3224,9048,801,Person_3224,22
3225,8846,9735,Person_3225,44
3226,4609,5381,Person_3226,41
3227,9400,7761,Person_3227,68
3228,2531,1314,Person_3228,75
3229,5489,7671,Person_3229,49
3230,7377,3083,Person_3230,37
3231,2641,2412,Person_3231,35
3232,4491,7865,Person_3232,75
3233,8569,8524,Person_3233,28
3234,3499,2276,Person_3234,74
3235,4770,183,Person_3235,30
3236,4706,2542,Person_3236,52
3237,5852,3449,Person_3237,47
3238,1742,611,Person_3238,48
3239,8569,1910,Person_3239,52
3240,9518,6469,Person_3240,74
3241,2558,9038,Person_3241,63
3242,7082,6939,Person_3242,67
3243,5022,2573,Person_3243,50
3244,7465,2537,Person_3244,19
3245,548,8136,Person_3245,44
3246,3124,8911,Person_3246,38
3247,3882,6536,Person_3247,79
3248,3043,9753,Person_3248,58
3249,4851,9327,Person_3249,21
3250,1465,8913,Person_3250,46
3251,4233,9482,Person_3251,74
3252,6498,5486,Person_3252,26
3253,1044,852,Person_3253,28
3254,8706,9890,Person_3254,42
3255,5219,9383,Person_3255,78
3256,6387,8072,Person_3256,77
3257,4362,7715,Person_3257,65
3258,6156,990,Person_3258,19
3259,1397,2990,Person_3259,69
3260,7969,192,Person_3260,55
3261,4594,8359,Person_3261,77
3262,3472,1216,Person_3262,22
3263,5172,1794,Person_3263,32
3264,2783,3388,Person_3264,24
3265,5262,8334,Person_3265,34
3266,6129,407,Person_3266,52
3267,8581,8990,Person_3267,19
3268,7475,4638,Person_3268,32
3269,1765,4732,Person_3269,20
3270,1637,4230,Person_3270,37
3271,1446,672,Person_3271,73
3272,5340,8306,Person_3272,46
3273,4768,3779,Person_3273,74
3274,6430,2488,Person_3274,36
3275,4334,2128,Person_3275,26
3276,3998,9442,Person_3276,18
3277,1077,7771,Person_3277,71
3278,3932,8827,Person_3278,65
3279,5339,3948,Person_3279,43
3280,6856,4490,Person_3280,39
3281,1622,1287,Person_3281,69
3282,2734,4969,Person_3282,67
3283,6546,5742,Person_3283,57
3284,2014,3676,Person_3284,52
3285,3067,7697,Person_3285,75
3286,9689,9870,Person_3286,68
3287,1711,4874,Person_3287,44
3288,5291,2163,Person_3288,52
3289,3333,6156,Person_3289,69
3290,3723,7953,Person_3290,57
3291,5754,8981,Person_3291,63
3292,8134,5312,Person_3292,63
3293,389,5590,Person_3293,28
3294,2908,3883,Person_3294,54
3295,8492,5628,Person_3295,30
3296,836,9862,Person_3296,64
3297,8095,7536,Person_3297,72
3298,6795,2091,Person_3298,74
3299,7315,8839,Person_3299,57
3300,2015,163,Person_3300,78
3301,5835,9154,Person_3301,79
3302,3324,5107,Person_3302,73
3303,8225,5191,Person_3303,52
3304,8432,3410,Person_3304,68
3305,9432,538,Person_3305,52
3306,2077,4270,Person_3306,72
3307,7450,4782,Person_3307,28
3308,9923,5905,Person_3308,26
3309,8667,5924,Person_3309,58
3310,3634,2798,Person_3310,51
3311,9831,2832,Person_3311,59
3312,6416,2239,Person_3312,80
3313,5435,4346,Person_3313,60
3314,8570,7239,Person_3314,32
3315,378,8680,Person_3315,51
3316,4045,4345,Person_3316,59
3317,7403,5762,Person_3317,24
3318,888,8808,Person_3318,62
3319,6468,5013,Person_3319,43
3320,1496,9910,Person_3320,72
3321,4291,1889,Person_3321,50
3322,6644,9560,Person_3322,36
3323,3633,6346,Person_3323,75
3324,2505,686,Person_3324,71
3325,3750,9455,Person_3325,38
3326,2745,3735,Person_3326,56
3327,3067,4673,Person_3327,45
3328,5618,1768,Person_3328,46
3329,9710,4305,Person_3329,55
3330,3126,9186,Person_3330,49
3331,6309,4934,Person_3331,52
3332,9643,8498,Person_3332,34
3333,6008,984,Person_3333,59
3334,2128,1980,Person_3334,37
3335,7087,2854,Person_3335,67
3336,501,1778,Person_3336,52
3337,4359,3070,Person_3337,62
3338,7269,3743,Person_3338,75
3339,1680,3199,Person_3339,45
3340,2649,9279,Person_3340,75
3341,4833,7479,Person_3341,34
3342,5112,1905,Person_3342,59
3343,4580,7530,Person_3343,44
3344,1747,6715,Person_3344,42
3345,5075,695,Person_3345,67
3346,1588,7631,Person_3346,51
3347,5948,1105,Person_3347,67
3348,9340,1963,Person_3348,56
3349,3600,2268,Person_3349,58
3350,8823,2675,Person_3350,25
3351,8596,8894,Person_3351,76
3352,6141,8079,Person_3352,43
3353,630,361,Person_3353,74
3354,8052,7408,Person_3354,47
3355,176,906,Person_3355,47
3356,211,3029,Person_3356,41
3357,109,2460,Person_3357,31
3358,7764,2952,Person_3358,65
3359,950,1431,Person_3359,72
3360,3248,9439,Person_3360,27
3361,4776,8083,Person_3361,70
3362,8311,5867,Person_3362,29
3363,2166,4380,Person_3363,60
3364,5923,9752,Person_3364,36
3365,8202,9847,Person_3365,36
3366,4706,7797,Person_3366,57
3367,4759,5073,Person_3367,19
3368,4302,5008,Person_3368,65
3369,657,1717,Person_3369,30
3370,9528,6502,Person_3370,43
3371,6359,9937,Person_3371,37
3372,2919,2741,Person_3372,58
3373,7607,3721,Person_3373,71
3374,2721,5515,Person_3374,31
3375,3095,8376,Person_3375,64
3376,5018,5107,Person_3376,56
3377,6405,4941,Person_3377,37
3378,768,785,Person_3378,51
3379,196,4027,Person_3379,64
3380,9125,3817,Person_3380,57
3381,4566,9791,Person_3381,45
3382,7166,96,Person_3382,21
3383,7301,5095,Person_3383,19
3384,7588,8359,Person_3384,39
3385,276,5622,Person_3385,23
3386,9911,3597,Person_3386,61
3387,6636,5768,Person_3387,74
3388,7800,1256,Person_3388,65
3389,198,3597,Person_3389,53
3390,240,5584,Person_3390,34
3391,4713,9981,Person_3391,23
3392,1656,6783,Person_3392,24
3393,6784,1389,Person_3393,51
3394,4112,5029,Person_3394,68
3395,5542,289,Person_3395,56
3396,7107,9943,Person_3396,39
3397,3710,9550,Person_3397,46
3398,6550,6868,Person_3398,62
3399,7730,2501,Person_3399,28
3400,7851,1892,Person_3400,64
3401,5455,6334,Person_3401,38
3402,2797,1028,Person_3402,48
3403,6295,3279,Person_3403,64
3404,9257,8173,Person_3404,44
3405,3318,2444,Person_3405,38
3406,3141,4324,Person_3406,66
3407,8615,4036,Person_3407,52
3408,637,8213,Person_3408,45
3409,823,7049,Person_3409,28
3410,378,4923,Person_3410,71
3411,7046,9445,Person_3411,27
3412,5607,8129,Person_3412,79
3413,4240,3650,Person_3413,19
3414,5146,4330,Person_3414,35
3415,582,5158,Person_3415,34
3416,167,9093,Person_3416,31
3417,6995,5042,Person_3417,48
3418,7867,4372,Person_3418,74
3419,9885,2404,Person_3419,34
3420,1725,9564,Person_3420,60
3421,3670,6498,Person_3421,47
3422,7684,8958,Person_3422,61
3423,2973,7548,Person_3423,41
3424,8393,6854,Person_3424,55
3425,8869,7595,Person_3425,40
3426,6520,6588,Person_3426,58
3427,2633,7300,Person_3427,22
3428,8358,4381,Person_3428,21
3429,3737,8814,Person_3429,74
3430,1938,8018,Person_3430,57
3431,3320,7085,Person_3431,44
3432,3761,9809,Person_3432,27
3433,8400,1646,Person_3433,45
3434,3919,913,Person_3434,43
3435,5604,8934,Person_3435,47
3436,8952,8017,Person_3436,20
3437,1302,8644,Person_3437,32
3438,57,5531,Person_3438,21
3439,1214,4253,Person_3439,43
3440,5927,5119,Person_3440,53
3441,3410,2015,Person_3441,76
3442,9767,9424,Person_3442,54
3443,70,6117,Person_3443,42
3444,4703,5025,Person_3444,73
3445,2593,8000,Person_3445,37
3446,4834,3218,Person_3446,44
3447,1168,795,Person_3447,27
3448,1520,2598,Person_3448,36
3449,1966,4737,Person_3449,72
3450,8485,9990,Person_3450,26
3451,4276,2546,Person_3451,43
3452,5577,8424,Person_3452,47
3453,1707,9415,Person_3453,50
3454,1340,5934,Person_3454,74
3455,531,3608,Person_3455,69
3456,8835,9247,Person_3456,51
3457,7036,6302,Person_3457,32
3458,9256,2797,Person_3458,73
3459,4706,6983,Person_3459,28
3460,8473,805,Person_3460,23
3461,4679,5798,Person_3461,72
3462,8421,7894,Person_3462,51
3463,9198,4503,Person_3463,29
3464,755,3108,Person_3464,71
3465,5763,9609,Person_3465,51
3466,4689,252,Person_3466,48
3467,7646,7797,Person_3467,74
3468,1354,754,Person_3468,30
3469,7049,3096,Person_3469,80
3470,3070,2438,Person_3470,18
3471,3211,9768,Person_3471,61
3472,9208,9867,Person_3472,42
3473,8520,7361,Person_3473,43
3474,1796,8079,Person_3474,25
3475,1419,8394,Person_3475,41
3476,6200,3702,Person_3476,46
3477,1653,3599,Person_3477,21
3478,6880,2580,Person_3478,48
3479,4454,2813,Person_3479,23
3480,806,2464,Person_3480,31
3481,8896,3123,Person_3481,72
3482,5876,6654,Person_3482,65
3483,8279,3526,Person_3483,35
3484,3556,6722,Person_3484,66
3485,5990,6738,Person_3485,42
3486,1074,9524,Person_3486,39
3487,7611,952,Person_3487,34
3488,7610,6454,Person_3488,55
3489,8532,6811,Person_3489,34
3490,8665,7392,Person_3490,62
3491,8606,8425,Person_3491,67
3492,1622,7914,Person_3492,42
3493,5272,6050,Person_3493,35
3494,9079,7007,Person_3494,27
3495,8643,2218,Person_3495,65
3496,8699,6613,Person_3496,71
3497,5429,8255,Person_3497,20
3498,5568,3639,Person_3498,35
3499,4501,8023,Person_3499,35
3500,2430,6332,Person_3500,24
3501,6756,1827,Person_3501,57
3502,2314,2049,Person_3502,64
3503,4316,692,Person_3503,77
3504,4943,3413,Person_3504,69
3505,5030,6887,Person_3505,62
3506,1081,9867,Person_3506,55
3507,905,3731,Person_3507,45
3508,3919,3375,Person_3508,33
3509,3033,7673,Person_3509,58
3510,2643,3209,Person_3510,42
3511,4766,2486,Person_3511,50
3512,1475,6286,Person_3512,65
3513,9110,8975,Person_3513,51
3514,6488,9421,Person_3514,49
3515,4401,5824,Person_3515,23
3516,2924,7474,Person_3516,22
3517,1179,1653,Person_3517,52
3518,1360,6247,Person_3518,25
3519,5616,2140,Person_3519,59
3520,7657,8887,Person_3520,25
3521,5003,6006,Person_3521,37
3522,7345,7301,Person_3522,25
3523,6789,7212,Person_3523,18
3524,4892,6858,Person_3524,78
3525,7763,2450,Person_3525,41
3526,6870,6778,Person_3526,37
3527,471,4797,Person_3527,79
3528,3337,5661,Person_3528,57
3529,2332,418,Person_3529,69
3530,8625,1027,Person_3530,68
3531,932,9873,Person_3531,57
3532,2399,1060,Person_3532,48
3533,4638,8902,Person_3533,56
3534,949,9485,Person_3534,38
3535,3417,9370,Person_3535,58
3536,3593,8386,Person_3536,54
3537,3731,6931,Person_3537,20
3538,5888,3463,Person_3538,65
3539,2421,9650,Person_3539,72
3540,2190,3218,Person_3540,28
3541,3799,321,Person_3541,65
3542,1466,6360,Person_3542,24
3543,6079,9069,Person_3543,22
3544,9594,7571,Person_3544,73
3545,1491,858,Person_3545,75
3546,8287,1570,Person_3546,33
3547,175,7145,Person_3547,48
3548,3613,7778,Person_3548,56
3549,1123,8633,Person_3549,33
3550,5921,7129,Person_3550,71
3551,6746,7273,Person_3551,21
3552,3326,3562,Person_3552,69
3553,8898,9018,Person_3553,18
3554,6945,3939,Person_3554,40
3555,24,5357,Person_3555,70
3556,3981,7284,Person_3556,76
3557,9382,5571,Person_3557,37
3558,1579,2953,Person_3558,33
3559,1775,3662,Person_3559,30
3560,8742,9252,Person_3560,34
3561,3767,4410,Person_3561,43
3562,2598,250,Person_3562,64
3563,1118,4580,Person_3563,56
3564,3043,4692,Person_3564,52
3565,2291,9658,Person_3565,80
3566,6939,9929,Person_3566,61
3567,9855,5557,Person_3567,44
3568,2059,6659,Person_3568,72
3569,3983,132,Person_3569,45
3570,4788,3715,Person_3570,77
3571,5525,798,Person_3571,41
3572,628,3086,Person_3572,31
3573,8653,9324,Person_3573,48
3574,2347,2741,Person_3574,58
3575,8651,4820,Person_3575,20
3576,5957,429,Person_3576,55
3577,7358,3422,Person_3577,64
3578,8711,7912,Person_3578,20
3579,574,8091,Person_3579,35
3580,4468,455,Person_3580,77
3581,3553,8663,Person_3581,40
3582,3308,4249,Person_3582,49
3583,8026,4324,Person_3583,57
3584,8050,5897,Person_3584,22
3585,8695,1212,Person_3585,31
3586,9762,6803,Person_3586,55
3587,7490,6672,Person_3587,71
3588,2742,3084,Person_3588,28
3589,9222,7478,Person_3589,37
3590,1676,6164,Person_3590,57
3591,1730,8780,Person_3591,58
3592,4647,5572,Person_3592,69
3593,5376,3525,Person_3593,33
3594,2355,6350,Person_3594,46
3595,7841,3552,Person_3595,18
3596,8626,1645,Person_3596,43
3597,4539,3151,Person_3597,46
3598,5836,3112,Person_3598,80
3599,8141,2614,Person_3599,62
3600,8046,7995,Person_3600,76
3601,7547,657,Person_3601,75
3602,2347,3866,Person_3602,73
3603,7720,9415,Person_3603,68
3604,3426,195,Person_3604,65
3605,3572,1617,Person_3605,39
3606,9807,5709,Person_3606,26
3607,9347,8368,Person_3607,45
3608,688,8612,Person_3608,60
3609,1210,1897,Person_3609,78
3610,5754,174,Person_3610,24
3611,6127,7036,Person_3611,46
3612,4984,8613,Person_3612,22
3613,844,6429,Person_3613,78
3614,5259,3378,Person_3614,35
3615,9994,728,Person_3615,66
3616,1578,1257,Person_3616,57
3617,975,6287,Person_3617,39
3618,1192,960,Person_3618,28
3619,1670,2460,Person_3619,21
3620,2545,2193,Person_3620,74
3621,3585,9307,Person_3621,29
3622,6715,6003,Person_3622,26
3623,6079,784,Person_3623,29
3624,5846,5839,Person_3624,65
3625,4801,6463,Person_3625,67
3626,6971,6179,Person_3626,49
3627,8293,4924,Person_3627,44
3628,8313,794,Person_3628,30
3629,5280,3416,Person_3629,51
3630,8273,5583,Person_3630,30
3631,5100,4317,Person_3631,31
3632,8796,3906,Person_3632,41
3633,3826,8119,Person_3633,73
3634,7531,6045,Person_3634,48
3635,4854,6786,Person_3635,63
3636,468,2948,Person_3636,53
3637,6553,2933,Person_3637,67
3638,908,9555,Person_3638,29
3639,2736,8130,Person_3639,35
3640,8260,4726,Person_3640,58
3641,7594,291,Person_3641,22
3642,1638,1324,Person_3642,44
3643,9842,6587,Person_3643,64
3644,1595,1016,Person_3644,69
3645,9148,8186,Person_3645,77
3646,5487,3661,Person_3646,36
3647,627,4275,Person_3647,36
3648,2489,7612,Person_3648,76
3649,9785,3666,Person_3649,26
3650,3908,9520,Person_3650,69
3651,7623,4084,Person_3651,78
3652,1099,6787,Person_3652,43
3653,8975,3467,Person_3653,57
3654,4947,5096,Person_3654,24
3655,3901,3675,Person_3655,75
3656,2949,8802,Person_3656,61
3657,2441,7412,Person_3657,20
3658,7960,9384,Person_3658,34
3659,58,2717,Person_3659,65
3660,3421,8114,Person_3660,36
3661,6320,8050,Person_3661,30
3662,3013,8115,Person_3662,51
3663,9840,4292,Person_3663,18
3664,6466,117,Person_3664,61
3665,9942,6804,Person_3665,58
3666,6107,8385,Person_3666,37
3667,8227,8086,Person_3667,20
3668,8926,5677,Person_3668,58
3669,6292,7790,Person_3669,47
3670,2298,2623,Person_3670,50
3671,3859,6372,Person_3671,65
3672,2671,4268,Person_3672,76
3673,2873,4876,Person_3673,45
3674,8018,4361,Person_3674,63
3675,5342,5373,Person_3675,72
3676,6942,402,Person_3676,43
3677,4841,7189,Person_3677,80
3678,1345,8039,Person_3678,74
3679,4521,8901,Person_3679,43
3680,5107,1671,Person_3680,65
3681,109,5357,Person_3681,37
3682,9017,2321,Person_3682,19
3683,818,4883,Person_3683,68
3684,7820,795,Person_3684,53
3685,267,9952,Person_3685,18
3686,9,9366,Person_3686,55
3687,7313,7751,Person_3687,51
3688,4849,9161,Person_3688,38
3689,4972,2413,Person_3689,34
3690,336,3108,Person_3690,66
3691,6652,815,Person_3691,72
3692,9603,791,Person_3692,74
3693,1865,382,Person_3693,69
3694,3605,7452,Person_3694,39
3695,5191,8568,Person_3695,70
3696,7815,87,Person_3696,74
3697,1660,353,Person_3697,50
3698,7450,6988,Person_3698,79
3699,6272,3909,Person_3699,60
3700,9370,8619,Person_3700,21
3701,60,4333,Person_3701,52
3702,6063,977,Person_3702,76
3703,1770,4368,Person_3703,33
3704,1968,9325,Person_3704,29
3705,7655,1210,Person_3705,30
3706,627,516,Person_3706,71
3707,3579,6199,Person_3707,24
3708,7110,9394,Person_3708,55
3709,9143,9989,Person_3709,34
3710,9448,838,Person_3710,29
3711,4973,954,Person_3711,29
3712,8397,511,Person_3712,56
3713,1540,2982,Person_3713,35
3714,2612,9537,Person_3714,60
3715,5107,4412,Person_3715,28
3716,4093,2707,Person_3716,48
3717,1583,4875,Person_3717,29
3718,9338,7381,Person_3718,37
3719,1728,626,Person_3719,24
3720,4825,3350,Person_3720,73
3721,7115,9863,Person_3721,19
3722,1840,6451,Person_3722,55
3723,672,7171,Person_3723,79
3724,4318,4463,Person_3724,42
3725,7883,9683,Person_3725,64
3726,6325,7333,Person_3726,53
3727,8802,1075,Person_3727,42
3728,8713,3112,Person_3728,41
3729,7390,4437,Person_3729,34
3730,1402,2152,Person_3730,30
3731,41,2831,Person_3731,22
3732,547,5216,Person_3732,47
3733,1113,7967,Person_3733,46
3734,6613,4401,Person_3734,18
3735,146,5114,Person_3735,44
3736,5816,2494,Person_3736,50
3737,8695,2882,Person_3737,51
3738,1508,8698,Person_3738,54
3739,5424,120,Person_3739,48
3740,3972,7281,Person_3740,21
3741,2207,8268,Person_3741,40
3742,3001,6415,Person_3742,74
3743,2085,5624,Person_3743,62
3744,936,5808,Person_3744,27
3745,3049,1758,Person_3745,30
3746,5935,3811,Person_3746,46
3747,7743,6714,Person_3747,54
3748,269,1803,Person_3748,55
3749,2697,9785,Person_3749,28
3750,2492,4262,Person_3750,23
