3751,9588,1640,Person_3751,60
3752,8444,1635,Person_3752,55
3753,5803,1669,Person_3753,73
3754,8915,5362,Person_3754,40
3755,4793,7192,Person_3755,61
3756,8234,1729,Person_3756,21
3757,649,9886,Person_3757,38
3758,3130,8018,Person_3758,41
3759,7446,2583,Person_3759,33
3760,2578,3360,Person_3760,57
3761,3923,6411,Person_3761,50
3762,8713,2786,Person_3762,69
3763,7247,1181,Person_3763,74
3764,8569,99,Person_3764,36
3765,8662,585,Person_3765,51
3766,2718,7505,Person_3766,36
3767,9996,1537,Person_3767,57
3768,8001,9799,Person_3768,73
3769,5818,1214,Person_3769,32
3770,3724,7584,Person_3770,35
3771,8116,5613,Person_3771,55
3772,1054,507,Person_3772,76
3773,2072,7179,Person_3773,64
3774,1288,6484,Person_3774,57
3775,6863,1069,Person_3775,75
3776,1749,5112,Person_3776,78
3777,2843,1237,Person_3777,35
3778,4816,1475,Person_3778,50
3779,2480,9104,Person_3779,69
3780,6849,7182,Person_3780,28
3781,2587,9040,Person_3781,56
3782,3450,1352,Person_3782,57
3783,6212,879,Person_3783,60
3784,2230,1055,Person_3784,48
3785,4974,2486,Person_3785,68
3786,3422,3322,Person_3786,75
3787,5022,6323,Person_3787,30
3788,4112,8393,Person_3788,19
3789,7768,1409,Person_3789,46
3790,6238,9759,Person_3790,21
3791,2038,5758,Person_3791,79
3792,3651,6810,Person_3792,79
3793,8337,5643,Person_3793,49
3794,986,9847,Person_3794,73
3795,9514,3113,Person_3795,53
3796,5236,8782,Person_3796,68
3797,630,6356,Person_3797,57
3798,3615,6634,Person_3798,61
3799,6126,9021,Person_3799,37
3800,894,1598,Person_3800,21
3801,9250,2878,Person_3801,79
3802,3510,7588,Person_3802,64
3803,1225,1229,Person_3803,29
3804,4054,2381,Person_3804,35
3805,9543,6687,Person_3805,43
3806,5735,6596,Person_3806,61
3807,2335,6959,Person_3807,65
3808,1699,8022,Person_3808,20
3809,1498,4831,Person_3809,73
3810,5153,7579,Person_3810,63
3811,4572,6458,Person_3811,40
3812,1793,7603,Person_3812,46
3813,5681,8616,Person_3813,53
3814,4077,5936,Person_3814,59
3815,4508,5618,Person_3815,37
3816,5973,9231,Person_3816,37
3817,6706,7045,Person_3817,69
3818,5531,4148,Person_3818,52
3819,7053,2302,Person_3819,45
3820,6595,3390,Person_3820,50
3821,1982,8944,Person_3821,34
3822,8675,5648,Person_3822,68
3823,6006,9936,Person_3823,24
3824,1464,7865,Person_3824,28
3825,9597,9534,Person_3825,31
3826,1323,2002,Person_3826,79
3827,7427,4533,Person_3827,37
3828,6550,2211,Person_3828,57
3829,194,8681,Person_3829,48
3830,742,8695,Person_3830,59
3831,7160,1426,Person_3831,54
3832,3052,9460,Person_3832,30
3833,5653,3305,Person_3833,72
3834,668,6971,Person_3834,59
3835,3774,5301,Person_3835,64
3836,3433,915,Person_3836,31
3837,6735,837,Person_3837,18
3838,7664,9019,Person_3838,22
3839,5662,3037,Person_3839,32
3840,436,2101,Person_3840,24
3841,8999,1957,Person_3841,47
3842,4795,5552,Person_3842,59
3843,9355,2123,Person_3843,78
3844,417,4747,Person_3844,47
3845,2996,7776,Person_3845,47
3846,4568,1453,Person_3846,29
3847,3921,7516,Person_3847,49
3848,3366,9749,Person_3848,26
3849,6669,7686,Person_3849,68
3850,9679,7601,Person_3850,59
3851,5629,1665,Person_3851,37
3852,7103,9600,Person_3852,70
3853,7001,9510,Person_3853,47
3854,9675,4367,Person_3854,22
3855,6192,5289,Person_3855,76
3856,8125,925,Person_3856,45
3857,7120,6395,Person_3857,74
3858,6625,5424,Person_3858,29
3859,6485,7822,Person_3859,48
3860,7083,4301,Person_3860,65
3861,882,6564,Person_3861,72
3862,3426,4,Person_3862,52
3863,9994,3261,Person_3863,58
3864,7106,2007,Person_3864,60
3865,7879,2592,Person_3865,19
3866,4098,4292,Person_3866,43
3867,2263,5793,Person_3867,22
3868,6609,3849,Person_3868,72
3869,1001,8754,Person_3869,57
3870,925,951,Person_3870,38
3871,7427,9310,Person_3871,38
3872,9097,983,Person_3872,73
3873,726,4740,Person_3873,48
3874,8207,2784,Person_3874,77
3875,6196,696,Person_3875,39
3876,8546,3196,Person_3876,59
3877,2242,1553,Person_3877,31
3878,318,1233,Person_3878,28
3879,7144,3585,Person_3879,72
3880,7436,6349,Person_3880,44
3881,8724,314,Person_3881,22
3882,5860,2849,Person_3882,36
3883,9921,7614,Person_3883,28
3884,9308,7221,Person_3884,33
3885,2986,5103,Person_3885,20
3886,7497,8375,Person_3886,41
3887,4057,2609,Person_3887,64
3888,6309,4560,Person_3888,66
3889,2466,3963,Person_3889,62
3890,2297,8522,Person_3890,78
3891,712,8510,Person_3891,47
3892,9161,5574,Person_3892,65
3893,1369,8873,Person_3893,67
3894,2273,9149,Person_3894,32
3895,3841,3326,Person_3895,75
3896,8308,7408,Person_3896,24
3897,5500,4062,Person_3897,36
3898,7416,9326,Person_3898,55
3899,4952,1794,Person_3899,28
3900,9784,8811,Person_3900,47
3901,7661,1745,Person_3901,18
3902,4841,9644,Person_3902,58
3903,9678,4433,Person_3903,77
3904,1893,6828,Person_3904,58
3905,6040,4004,Person_3905,28
3906,3093,8857,Person_3906,52
3907,5314,2940,Person_3907,65
3908,2920,1374,Person_3908,64
3909,7001,8524,Person_3909,22
3910,5440,8094,Person_3910,40
3911,2963,5059,Person_3911,65
3912,1619,1467,Person_3912,55
3913,478,1272,Person_3913,69
3914,8074,4252,Person_3914,28
3915,5798,7265,Person_3915,18
3916,1619,2473,Person_3916,74
3917,2693,6304,Person_3917,51
3918,691,6158,Person_3918,56
3919,1446,2924,Person_3919,18
3920,3972,5867,Person_3920,33
3921,7036,1273,Person_3921,40
3922,9058,7770,Person_3922,53
3923,9524,4994,Person_3923,48
3924,1668,3378,Person_3924,37
3925,2704,5687,Person_3925,58
3926,310,1389,Person_3926,75
3927,6615,9597,Person_3927,44
3928,5671,3573,Person_3928,77
3929,1690,6484,Person_3929,35
3930,993,3728,Person_3930,21
3931,3658,658,Person_3931,64
3932,6846,4656,Person_3932,47
3933,3982,3622,Person_3933,69
3934,3082,5550,Person_3934,25
3935,229,1360,Person_3935,67
3936,3822,1059,Person_3936,79
3937,7631,7718,Person_3937,26
3938,6506,4836,Person_3938,42
3939,8830,3349,Person_3939,21
3940,6415,6856,Person_3940,39
3941,6715,7291,Person_3941,55
3942,1868,5721,Person_3942,22
3943,5324,6690,Person_3943,51
3944,3162,9786,Person_3944,63
3945,7917,4860,Person_3945,38
3946,7467,7379,Person_3946,20
3947,8824,8257,Person_3947,61
3948,85,6620,Person_3948,48
3949,8360,2779,Person_3949,49
3950,5748,434,Person_3950,51
3951,7273,2024,Person_3951,69
3952,6246,9032,Person_3952,51
3953,5938,3256,Person_3953,38
3954,9068,7106,Person_3954,55
3955,2991,3366,Person_3955,24
3956,2409,6376,Person_3956,73
3957,4753,9233,Person_3957,27
3958,3182,6634,Person_3958,25
3959,6584,1749,Person_3959,57
3960,6286,6095,Person_3960,62
3961,4660,4829,Person_3961,55
3962,8064,7794,Person_3962,42
3963,5212,1966,Person_3963,27
3964,5834,3502,Person_3964,49
3965,7809,4089,Person_3965,47
3966,453,667,Person_3966,23
3967,8890,2614,Person_3967,28
3968,3840,2511,Person_3968,65
3969,6577,9677,Person_3969,52
3970,3000,1221,Person_3970,56
3971,389,6915,Person_3971,47
3972,197,2166,Person_3972,67
3973,7925,4086,Person_3973,75
3974,4266,4092,Person_3974,73
3975,8356,1802,Person_3975,54
3976,4910,2315,Person_3976,23
3977,70,2034,Person_3977,52
3978,3264,8554,Person_3978,52
3979,8806,8081,Person_3979,47
3980,2180,7954,Person_3980,57
3981,9575,6143,Person_3981,72
3982,4280,5447,Person_3982,39
3983,8177,4777,Person_3983,36
3984,1715,6984,Person_3984,76
3985,1581,1814,Person_3985,26
3986,581,6896,Person_3986,50
3987,243,5376,Person_3987,74
3988,9545,5832,Person_3988,51
3989,1126,3495,Person_3989,34
3990,6377,8230,Person_3990,75
3991,933,6269,Person_3991,58
3992,788,4268,Person_3992,78
3993,1742,5626,Person_3993,38
3994,250,7217,Person_3994,25
3995,9917,1870,Person_3995,69
3996,2666,5460,Person_3996,21
3997,5449,516,Person_3997,29
3998,8590,8293,Person_3998,49
3999,4984,2870,Person_3999,28
4000,2065,3388,Person_4000,38
4001,8152,9427,Person_4001,76
4002,5700,6441,Person_4002,61
4003,7686,7944,Person_4003,46
4004,6902,5381,Person_4004,65
4005,9399,7124,Person_4005,71
4006,7357,2736,Person_4006,35
4007,4908,6640,Person_4007,77
4008,9664,1862,Person_4008,58
4009,7163,2298,Person_4009,61
4010,4164,9770,Person_4010,40
4011,7487,5179,Person_4011,78
4012,7710,9536,Person_4012,69
4013,1964,4241,Person_4013,18
4014,525,1222,Person_4014,63
4015,1611,4801,Person_4015,59
4016,4585,69,Person_4016,18
4017,7869,2955,Person_4017,54
4018,8221,9332,Person_4018,26
4019,543,8732,Person_4019,78
4020,2178,7404,Person_4020,71
4021,1550,3597,Person_4021,61
4022,853,8270,Person_4022,52
4023,6135,3832,Person_4023,63
4024,9725,7747,Person_4024,75
4025,900,1972,Person_4025,33
4026,1136,838,Person_4026,41
4027,4813,5728,Person_4027,38
4028,3865,4636,Person_4028,23
4029,1992,4970,Person_4029,50
4030,163,2408,Person_4030,47
4031,8960,4567,Person_4031,35
4032,5692,4824,Person_4032,27
4033,7437,8983,Person_4033,50
4034,2112,8871,Person_4034,74
4035,4102,4254,Person_4035,61
4036,6977,8441,Person_4036,64
4037,344,5209,Person_4037,44
4038,6774,7103,Person_4038,33
4039,7971,4157,Person_4039,56
4040,8330,1222,Person_4040,24
4041,8452,9755,Person_4041,42
4042,3242,1158,Person_4042,38
4043,1402,7470,Person_4043,70
4044,3423,2905,Person_4044,42
4045,5004,3984,Person_4045,51
4046,3893,7278,Person_4046,35
4047,3335,2416,Person_4047,58
4048,6937,9701,Person_4048,76
4049,7963,7104,Person_4049,26
4050,3413,3590,Person_4050,49
4051,3991,4061,Person_4051,62
4052,3491,7291,Person_4052,71
4053,8622,9637,Person_4053,60
4054,6277,1749,Person_4054,39
4055,8097,6604,Person_4055,51
4056,1082,3206,Person_4056,31
4057,3639,438,Person_4057,33
4058,9528,4772,Person_4058,64
4059,2920,8492,Person_4059,22
4060,5520,2038,Person_4060,46
4061,5166,3059,Person_4061,57
4062,2194,8436,Person_4062,58
4063,2716,335,Person_4063,47
4064,7748,6108,Person_4064,39
4065,8709,7577,Person_4065,30
4066,1352,8315,Person_4066,71
4067,2624,5117,Person_4067,20
4068,8655,5046,Person_4068,49
4069,6583,4106,Person_4069,74
4070,5415,5906,Person_4070,72
4071,9241,8203,Person_4071,70
4072,7031,2878,Person_4072,31
4073,4373,8922,Person_4073,76
4074,3708,3318,Person_4074,46
4075,9506,9275,Person_4075,33
4076,2825,6385,Person_4076,58
4077,9088,6645,Person_4077,47
4078,8969,9044,Person_4078,66
4079,4849,849,Person_4079,41
4080,4663,5833,Person_4080,36
4081,9630,5022,Person_4081,53
4082,5691,7955,Person_4082,40
4083,1772,2066,Person_4083,21
4084,3745,1179,Person_4084,52
4085,3855,9879,Person_4085,55
4086,5764,2298,Person_4086,57
4087,467,3677,Person_4087,45
4088,3901,6046,Person_4088,80
4089,9293,6750,Person_4089,41
4090,5971,1423,Person_4090,36
4091,2368,8812,Person_4091,18
4092,9771,1486,Person_4092,71
4093,119,5136,Person_4093,27
4094,9112,3011,Person_4094,29
4095,6550,4925,Person_4095,70
4096,4972,2956,Person_4096,33
4097,2337,5773,Person_4097,65
4098,6691,8527,Person_4098,60
4099,8837,7780,Person_4099,61
4100,2324,5708,Person_4100,75
4101,1998,5244,Person_4101,39
4102,2839,6755,Person_4102,45
4103,3812,5002,Person_4103,70
4104,4465,3358,Person_4104,43
4105,1785,802,Person_4105,66
4106,3637,4107,Person_4106,47
4107,1544,5828,Person_4107,36
4108,4834,4527,Person_4108,35
4109,1287,4374,Person_4109,26
4110,6589,8086,Person_4110,56
4111,5730,9303,Person_4111,54
4112,6719,9098,Person_4112,37
4113,9140,884,Person_4113,60
4114,5987,5203,Person_4114,21
4115,9523,1026,Person_4115,20
4116,6964,1568,Person_4116,63
4117,2464,4612,Person_4117,30
4118,7853,1461,Person_4118,68
4119,1673,8580,Person_4119,65
4120,1723,1995,Person_4120,32
4121,5714,3505,Person_4121,26
4122,1109,6141,Person_4122,41
4123,7338,9733,Person_4123,46
4124,6715,7710,Person_4124,37
4125,9833,5999,Person_4125,71
4126,4288,7681,Person_4126,48
4127,5961,4522,Person_4127,24
4128,4393,1672,Person_4128,73
4129,6605,3014,Person_4129,80
4130,1239,716,Person_4130,65
4131,3389,4023,Person_4131,61
4132,732,8333,Person_4132,64
4133,6469,3757,Person_4133,62
4134,3887,3514,Person_4134,59
4135,1804,8705,Person_4135,70
4136,7652,7577,Person_4136,59
4137,3775,5933,Person_4137,32
4138,4446,5668,Person_4138,79
4139,5157,9007,Person_4139,68
4140,1443,7750,Person_4140,20
4141,7273,5430,Person_4141,19
4142,360,8005,Person_4142,79
4143,4424,708,Person_4143,58
4144,5745,9046,Person_4144,42
4145,7272,6772,Person_4145,66
4146,4567,6019,Person_4146,56
4147,7266,818,Person_4147,27
4148,2034,6087,Person_4148,53
4149,1217,8437,Person_4149,45
4150,8407,8628,Person_4150,71
4151,3190,6474,Person_4151,62
4152,3926,584,Person_4152,42
4153,1573,6748,Person_4153,67
4154,3581,7270,Person_4154,20
4155,2456,7849,Person_4155,75
4156,5749,3736,Person_4156,49
4157,8385,2997,Person_4157,34
4158,122,6148,Person_4158,61
4159,9567,5268,Person_4159,79
4160,3270,6608,Person_4160,40
4161,351,1873,Person_4161,63
4162,2929,9207,Person_4162,33
4163,4384,5443,Person_4163,28
4164,6440,7620,Person_4164,56
4165,4389,3660,Person_4165,34
4166,1231,2538,Person_4166,70
4167,3869,9171,Person_4167,26
4168,9749,2029,Person_4168,66
4169,3173,3661,Person_4169,73
4170,2063,793,Person_4170,41
4171,6312,8977,Person_4171,26
4172,3090,5003,Person_4172,77
4173,3102,5112,Person_4173,76
4174,6769,2306,Person_4174,79
4175,2741,4580,Person_4175,27
4176,3653,4462,Person_4176,52
4177,4732,9960,Person_4177,33
4178,3458,9586,Person_4178,65
4179,675,9773,Person_4179,30
4180,9029,3394,Person_4180,36
4181,4581,9105,Person_4181,18
4182,1269,9370,Person_4182,80
4183,6226,3313,Person_4183,24
4184,3025,6465,Person_4184,21
4185,9293,9333,Person_4185,20
4186,1696,9527,Person_4186,24
4187,6586,4800,Person_4187,19
4188,552,3385,Person_4188,73
4189,3447,4639,Person_4189,68
4190,8922,1638,Person_4190,44
4191,6709,8609,Person_4191,64
4192,863,9205,Person_4192,64
4193,5308,7592,Person_4193,29
4194,7545,9637,Person_4194,19
4195,1712,9632,Person_4195,78
4196,9043,34,Person_4196,67
4197,4016,3765,Person_4197,18
4198,2278,9068,Person_4198,25
4199,698,1724,Person_4199,46
4200,1560,4366,Person_4200,42
4201,9885,8963,Person_4201,58
4202,2386,5329,Person_4202,32
4203,5392,7912,Person_4203,54
4204,2037,9137,Person_4204,22
4205,1875,5914,Person_4205,80
4206,4396,7820,Person_4206,60
4207,8097,3093,Person_4207,80
4208,2287,5065,Person_4208,45
4209,3429,3242,Person_4209,55
4210,2728,3821,Person_4210,51
4211,9035,5428,Person_4211,56
4212,8102,8170,Person_4212,21
4213,8860,4468,Person_4213,62
4214,7936,6999,Person_4214,42
4215,9246,8214,Person_4215,78
4216,3060,4914,Person_4216,30
4217,954,3023,Person_4217,22
4218,5893,5934,Person_4218,54
4219,4469,6355,Person_4219,47
4220,358,5549,Person_4220,34
4221,5114,8266,Person_4221,48
4222,9586,4920,Person_4222,23
4223,7338,7734,Person_4223,76
4224,4893,1606,Person_4224,79
4225,3358,9953,Person_4225,71
4226,3638,9448,Person_4226,50
4227,3776,4532,Person_4227,50
4228,8080,4050,Person_4228,57
4229,4024,7324,Person_4229,57
4230,2701,4375,Person_4230,19
4231,5161,6234,Person_4231,33
4232,6934,1168,Person_4232,68
4233,910,7206,Person_4233,71
4234,8900,2550,Person_4234,43
4235,3467,8009,Person_4235,75
4236,1953,1464,Person_4236,25
4237,4801,4633,Person_4237,34
4238,8177,9860,Person_4238,75
4239,212,9464,Person_4239,49
4240,9719,3859,Person_4240,45
4241,6231,3423,Person_4241,73
4242,9999,7477,Person_4242,71
4243,4819,5392,Person_4243,77
4244,7690,5606,Person_4244,47
4245,7429,2468,Person_4245,21
4246,2282,1538,Person_4246,60
4247,4007,4235,Person_4247,21
4248,1458,1325,Person_4248,44
4249,2528,4989,Person_4249,59
4250,7664,9878,Person_4250,64
4251,6267,7692,Person_4251,71
4252,7468,3441,Person_4252,48
4253,1360,3390,Person_4253,40
4254,5169,7920,Person_4254,74
4255,6068,1806,Person_4255,27
4256,1921,9514,Person_4256,71
4257,7786,2535,Person_4257,27
4258,5956,2364,Person_4258,76
4259,5257,6987,Person_4259,54
4260,9383,1732,Person_4260,18
4261,6582,9868,Person_4261,42
4262,1751,7509,Person_4262,40
4263,4741,8479,Person_4263,21
4264,9837,4964,Person_4264,24
4265,749,9553,Person_4265,36
4266,1211,3167,Person_4266,69
4267,1900,224,Person_4267,43
4268,8560,8104,Person_4268,43
4269,7888,2036,Person_4269,30
4270,6786,447,Person_4270,21
4271,3044,2379,Person_4271,67
4272,6999,6616,Person_4272,57
4273,2567,2411,Person_4273,32
4274,7549,3643,Person_4274,58
4275,1639,7451,Person_4275,54
4276,6560,1467,Person_4276,32
4277,3564,1177,Person_4277,55
4278,4640,4430,Person_4278,56
4279,7488,4078,Person_4279,23
4280,8076,2562,Person_4280,78
4281,902,8853,Person_4281,72
4282,6858,2117,Person_4282,27
4283,1653,7654,Person_4283,54
4284,6138,2690,Person_4284,41
4285,7825,8207,Person_4285,57
4286,9756,4442,Person_4286,41
4287,5424,7547,Person_4287,72
4288,9315,4495,Person_4288,39
4289,3993,3649,Person_4289,48
4290,4200,273,Person_4290,53
4291,1337,6716,Person_4291,65
4292,7709,2499,Person_4292,28
4293,6010,1977,Person_4293,44
4294,2619,3767,Person_4294,26
4295,7499,7256,Person_4295,26
4296,3601,816,Person_4296,79
4297,9612,2117,Person_4297,65
4298,4268,824,Person_4298,28
4299,2421,8913,Person_4299,78
4300,8949,2299,Person_4300,66
4301,4546,8037,Person_4301,28
4302,2717,9804,Person_4302,68
4303,4534,4374,Person_4303,54
4304,4018,288,Person_4304,76
4305,4646,6980,Person_4305,64
4306,2029,2763,Person_4306,41
4307,7656,5191,Person_4307,21
4308,248,646,Person_4308,68
4309,8310,5345,Person_4309,30
4310,6622,1535,Person_4310,54
4311,4529,9268,Person_4311,38
4312,1191,6696,Person_4312,34
4313,5710,3841,Person_4313,44
4314,9462,5066,Person_4314,22
4315,8825,7957,Person_4315,73
4316,4371,6657,Person_4316,58
4317,6307,4283,Person_4317,71
4318,6230,6341,Person_4318,48
4319,4219,3381,Person_4319,65
4320,6555,7985,Person_4320,46
4321,6287,1818,Person_4321,71
4322,671,5962,Person_4322,24
4323,8242,6844,Person_4323,48
4324,1557,1044,Person_4324,73
4325,7162,6504,Person_4325,67
4326,4369,3767,Person_4326,24
4327,5317,563,Person_4327,50
4328,5670,6294,Person_4328,80
4329,8585,2998,Person_4329,43
4330,2405,2465,Person_4330,55
4331,6402,3033,Person_4331,47
4332,3051,4683,Person_4332,46
4333,7170,3531,Person_4333,54
4334,2781,7402,Person_4334,64
4335,8545,8038,Person_4335,45
4336,1499,1553,Person_4336,28
4337,407,964,Person_4337,42
4338,8499,6580,Person_4338,56
4339,5395,2822,Person_4339,42
4340,5574,5712,Person_4340,38
4341,502,6575,Person_4341,60
4342,1302,1459,Person_4342,43
4343,6844,7431,Person_4343,79
4344,5579,3808,Person_4344,80
4345,1517,2298,Person_4345,18
4346,8959,6131,Person_4346,68
4347,2972,3777,Person_4347,41
4348,2347,7235,Person_4348,31
4349,7439,684,Person_4349,27
4350,4810,8789,Person_4350,33
4351,3430,996,Person_4351,32
4352,5104,6197,Person_4352,21
4353,386,3184,Person_4353,58
4354,2188,8537,Person_4354,52
4355,811,9091,Person_4355,45
4356,6984,3525,Person_4356,46
4357,917,734,Person_4357,67
4358,1824,4928,Person_4358,41
4359,3010,1476,Person_4359,20
4360,7677,8219,Person_4360,62
4361,2433,4195,Person_4361,21
4362,6678,6776,Person_4362,56
4363,5424,2187,Person_4363,30
4364,1818,4654,Person_4364,47
4365,5682,9500,Person_4365,47
4366,5019,6348,Person_4366,67
4367,9404,1164,Person_4367,77
4368,9560,9872,Person_4368,18
4369,5535,2389,Person_4369,46
4370,7373,1684,Person_4370,50
4371,327,9281,Person_4371,80
4372,7576,5073,Person_4372,41
4373,4888,4043,Person_4373,41
4374,5845,3192,Person_4374,48
4375,4325,634,Person_4375,36
4376,5361,3154,Person_4376,68
4377,2650,8886,Person_4377,74
4378,4646,9375,Person_4378,58
4379,2451,1693,Person_4379,33
4380,9281,1918,Person_4380,33
4381,7551,672,Person_4381,62
4382,4138,988,Person_4382,60
4383,5870,815,Person_4383,48
4384,4652,2024,Person_4384,38
4385,6325,853,Person_4385,52
4386,6599,9542,Person_4386,42
4387,7124,5603,Person_4387,37
4388,6730,6070,Person_4388,57
4389,7602,926,Person_4389,50
4390,2386,274,Person_4390,27
4391,2772,8121,Person_4391,64
4392,7272,1681,Person_4392,31
4393,5659,7337,Person_4393,54
4394,8283,4859,Person_4394,41
4395,591,3140,Person_4395,75
4396,8021,2935,Person_4396,19
4397,9540,6672,Person_4397,46
4398,6514,2196,Person_4398,53
4399,4959,7732,Person_4399,39
4400,1748,6575,Person_4400,79
4401,9525,4514,Person_4401,33
4402,3432,9501,Person_4402,61
4403,8333,7180,Person_4403,71
4404,4599,4442,Person_4404,74
4405,6451,9516,Person_4405,57
4406,3702,9833,Person_4406,74
4407,8751,935,Person_4407,38
4408,2280,2944,Person_4408,31
4409,73,7529,Person_4409,53
4410,9387,4095,Person_4410,60
4411,9608,6321,Person_4411,34
4412,3678,6421,Person_4412,47
4413,6628,8502,Person_4413,73
4414,6849,5812,Person_4414,20
4415,6476,897,Person_4415,18
4416,2746,6266,Person_4416,54
4417,1746,1437,Person_4417,23
4418,1410,6625,Person_4418,77
4419,3730,5719,Person_4419,58
4420,3621,6809,Person_4420,50
4421,7246,1678,Person_4421,44
4422,3670,6235,Person_4422,56
4423,1008,1954,Person_4423,37
4424,1475,5782,Person_4424,43
4425,7439,9609,Person_4425,50
4426,5884,7112,Person_4426,44
4427,6987,4262,Person_4427,76
4428,1044,5019,Person_4428,70
4429,8711,1092,Person_4429,32
4430,6990,6022,Person_4430,50
4431,9376,8734,Person_4431,19
4432,2691,6350,Person_4432,69
4433,6263,8443,Person_4433,31
4434,7238,4179,Person_4434,66
4435,1265,1538,Person_4435,65
4436,8975,5464,Person_4436,36
4437,5831,6226,Person_4437,34
4438,6953,7252,Person_4438,61
4439,3754,9670,Person_4439,21
4440,4060,7803,Person_4440,21
4441,2529,1816,Person_4441,54
4442,545,6654,Person_4442,26
4443,4739,7579,Person_4443,80
4444,8350,5465,Person_4444,61
4445,9460,554,Person_4445,54
4446,5159,6573,Person_4446,79
4447,2526,5351,Person_4447,26
4448,1012,6202,Person_4448,27
4449,2167,1650,Person_4449,47
4450,1295,6508,Person_4450,27
4451,8453,9759,Person_4451,41
4452,9375,1132,Person_4452,40
4453,5412,5009,Person_4453,65
4454,1483,6868,Person_4454,77
4455,4327,9280,Person_4455,58
4456,5712,9680,Person_4456,27
4457,3579,9830,Person_4457,37
4458,3982,4669,Person_4458,75
4459,7293,6856,Person_4459,35
4460,3314,5572,Person_4460,77
4461,3908,3161,Person_4461,63
4462,1943,5522,Person_4462,23
4463,1559,8971,Person_4463,43
4464,4633,7852,Person_4464,39
4465,7421,8914,Person_4465,67
4466,4446,3285,Person_4466,38
4467,6030,8637,Person_4467,47
4468,5733,6305,Person_4468,21
4469,3151,7388,Person_4469,24
4470,6761,2885,Person_4470,47
4471,8753,8061,Person_4471,61
4472,6889,7914,Person_4472,19
4473,1442,439,Person_4473,31
4474,8797,765,Person_4474,27
4475,2962,5817,Person_4475,64
4476,5729,3684,Person_4476,52
4477,420,5545,Person_4477,21
4478,9124,5410,Person_4478,37
4479,4834,2950,Person_4479,24
4480,4538,2541,Person_4480,78
4481,7305,3017,Person_4481,42
4482,9732,7322,Person_4482,71
4483,4495,3786,Person_4483,76
4484,2363,8912,Person_4484,33
4485,6789,4243,Person_4485,72
4486,7069,800,Person_4486,29
4487,391,3858,Person_4487,47
4488,6211,6815,Person_4488,71
4489,5710,4563,Person_4489,50
4490,591,2274,Person_4490,57
4491,4784,8279,Person_4491,64
4492,9134,1610,Person_4492,24
4493,802,9258,Person_4493,41
4494,9609,5615,Person_4494,44
4495,3454,4507,Person_4495,29
4496,6516,8560,Person_4496,68
4497,1041,7225,Person_4497,74
4498,6203,6365,Person_4498,75
4499,88,9349,Person_4499,28
4500,5068,5865,Person_4500,79
4501,7937,2318,Person_4501,18
4502,962,2081,Person_4502,71
4503,7302,7556,Person_4503,51
4504,5665,6933,Person_4504,68
4505,3454,858,Person_4505,25
4506,8672,493,Person_4506,43
4507,3908,5510,Person_4507,58
4508,5092,7768,Person_4508,58
4509,2198,2195,Person_4509,38
4510,9283,5472,Person_4510,32
4511,4678,1172,Person_4511,41
4512,2405,737,Person_4512,79
4513,3548,8015,Person_4513,23
4514,7825,6076,Person_4514,29
4515,274,136,Person_4515,37
4516,6307,8252,Person_4516,40
4517,4431,8861,Person_4517,35
4518,9699,6901,Person_4518,80
4519,3711,3862,Person_4519,19
4520,4268,3491,Person_4520,23
4521,6457,2785,Person_4521,22
4522,7457,6643,Person_4522,64
4523,2272,7911,Person_4523,18
4524,2889,2519,Person_4524,19
4525,7060,8700,Person_4525,71
4526,5883,4322,Person_4526,51
4527,2712,1475,Person_4527,50
4528,760,1916,Person_4528,60
4529,8271,4365,Person_4529,46
4530,7027,9324,Person_4530,77
4531,1164,9020,Person_4531,53
4532,4704,9196,Person_4532,57
4533,9381,8677,Person_4533,50
4534,1473,3359,Person_4534,32
4535,9743,9197,Person_4535,79
4536,6792,1651,Person_4536,30
4537,9816,6313,Person_4537,20
4538,2410,2344,Person_4538,22
4539,5478,5760,Person_4539,62
4540,1408,4741,Person_4540,74
4541,4708,7629,Person_4541,26
4542,2060,4087,Person_4542,27
4543,9189,4980,Person_4543,53
4544,926,2941,Person_4544,54
4545,8194,4171,Person_4545,24
4546,7095,6161,Person_4546,47
4547,542,9785,Person_4547,78
4548,8306,1126,Person_4548,18
4549,6738,8914,Person_4549,24
4550,1487,4969,Person_4550,63
4551,4755,7515,Person_4551,50
4552,5454,8999,Person_4552,63
4553,3409,5746,Person_4553,49
4554,1695,6781,Person_4554,23
4555,9289,6249,Person_4555,24
4556,6299,8604,Person_4556,45
4557,5769,9338,Person_4557,69
4558,5668,308,Person_4558,29
4559,5833,2243,Person_4559,70
4560,9340,9609,Person_4560,41
4561,311,3564,Person_4561,19
4562,261,7808,Person_4562,62
4563,4673,1494,Person_4563,50
4564,693,1146,Person_4564,47
4565,8961,2361,Person_4565,45
4566,9853,6830,Person_4566,50
4567,7129,3072,Person_4567,22
4568,45,1744,Person_4568,18
4569,1855,3856,Person_4569,63
4570,3675,393,Person_4570,62
4571,1814,7887,Person_4571,69
4572,6990,119,Person_4572,62
4573,3222,6989,Person_4573,20
4574,8193,2080,Person_4574,35
4575,4265,8817,Person_4575,63
4576,870,6373,Person_4576,23
4577,2472,9645,Person_4577,51
4578,7600,4448,Person_4578,25
4579,9215,3648,Person_4579,76
4580,7472,370,Person_4580,53
4581,405,3202,Person_4581,20
4582,631,6399,Person_4582,62
4583,5758,5025,Person_4583,61
4584,1001,6256,Person_4584,55
4585,5584,3382,Person_4585,77
4586,9182,325,Person_4586,49
4587,8784,648,Person_4587,18
4588,6876,1987,Person_4588,27
4589,4208,9730,Person_4589,42
4590,446,6004,Person_4590,59
4591,497,5567,Person_4591,65
4592,2872,1947,Person_4592,30
4593,2088,9554,Person_4593,54
4594,3642,7194,Person_4594,34
4595,5053,7129,Person_4595,30
4596,7170,4288,Person_4596,36
4597,4355,884,Person_4597,38
4598,7818,2537,Person_4598,30
4599,6291,5648,Person_4599,35
4600,3649,565,Person_4600,36
4601,7628,9378,Person_4601,71
4602,9981,6417,Person_4602,21
4603,8000,1630,Person_4603,76
4604,4834,2251,Person_4604,52
4605,5415,8712,Person_4605,73
4606,1971,6970,Person_4606,44
4607,4890,2348,Person_4607,72
4608,7801,169,Person_4608,69
4609,1798,5701,Person_4609,27
4610,2105,2740,Person_4610,28
4611,9535,901,Person_4611,22
4612,7408,5289,Person_4612,40
4613,3515,9242,Person_4613,18
4614,631,4586,Person_4614,59
4615,122,5333,Person_4615,80
4616,7548,6508,Person_4616,31
4617,646,7559,Person_4617,65
4618,5925,4683,Person_4618,27
4619,5660,6190,Person_4619,26
4620,310,3925,Person_4620,27
4621,6365,2184,Person_4621,42
4622,793,7471,Person_4622,29
4623,4766,5287,Person_4623,52
4624,178,5643,Person_4624,67
4625,3769,6867,Person_4625,52
4626,7825,5536,Person_4626,44
4627,1362,1717,Person_4627,70
4628,7872,5204,Person_4628,69
4629,5577,56,Person_4629,69
4630,1197,8026,Person_4630,21
4631,4268,6684,Person_4631,47
4632,5921,2971,Person_4632,70
4633,8559,4864,Person_4633,55
4634,7093,4318,Person_4634,72
4635,1728,8572,Person_4635,64
4636,4066,5742,Person_4636,66
4637,4893,1693,Person_4637,49
4638,1362,3389,Person_4638,25
4639,6355,3555,Person_4639,68
4640,765,4974,Person_4640,59
4641,8302,2916,Person_4641,45
4642,4392,7941,Person_4642,24
4643,276,7224,Person_4643,70
4644,5522,6801,Person_4644,36
4645,5648,253,Person_4645,70
4646,5107,4739,Person_4646,38
4647,873,3498,Person_4647,65
4648,8981,6926,Person_4648,20
4649,9145,6169,Person_4649,44
4650,3274,4823,Person_4650,51
4651,6122,1019,Person_4651,47
4652,421,2501,Person_4652,64
4653,8782,736,Person_4653,49
4654,5178,7581,Person_4654,50
4655,2978,2616,Person_4655,26
4656,9626,4273,Person_4656,29
4657,8003,403,Person_4657,31
4658,4729,7318,Person_4658,70
4659,6177,216,Person_4659,40
4660,4473,5391,Person_4660,53
4661,7224,4506,Person_4661,21
4662,9087,419,Person_4662,26
4663,15,6461,Person_4663,36
4664,6714,3293,Person_4664,59
4665,325,7808,Person_4665,73
4666,7512,9311,Person_4666,52
4667,6633,9802,Person_4667,76
4668,4789,2438,Person_4668,19
4669,52,174,Person_4669,30
4670,7910,1859,Person_4670,57
4671,1946,4811,Person_4671,68
4672,8224,4747,Person_4672,54
4673,5862,5026,Person_4673,79
4674,1315,1636,Person_4674,61
4675,3705,3167,Person_4675,29
4676,4500,1561,Person_4676,78
4677,4219,48,Person_4677,70
4678,5929,7433,Person_4678,67
4679,5971,9567,Person_4679,23
4680,1878,1815,Person_4680,35
4681,2593,6735,Person_4681,32
4682,1073,4315,Person_4682,26
4683,3595,6452,Person_4683,38
4684,9860,7826,Person_4684,39
4685,1001,4790,Person_4685,22
4686,973,2178,Person_4686,60
4687,5079,3085,Person_4687,38
4688,2301,2672,Person_4688,23
4689,9269,9538,Person_4689,26
4690,1143,579,Person_4690,41
4691,1557,596,Person_4691,59
4692,6275,9578,Person_4692,21
4693,9613,9842,Person_4693,65
4694,2206,5307,Person_4694,64
4695,4889,7725,Person_4695,50
4696,4292,2968,Person_4696,70
4697,6501,2197,Person_4697,77
4698,1878,1288,Person_4698,24
4699,9288,3202,Person_4699,69
4700,7540,3065,Person_4700,62
4701,2533,7616,Person_4701,75
4702,8734,2940,Person_4702,31
4703,4855,3183,Person_4703,48
4704,1794,8871,Person_4704,21
4705,7340,9795,Person_4705,34
4706,1115,9326,Person_4706,50
4707,6292,9262,Person_4707,71
4708,9881,5127,Person_4708,35
4709,3646,1280,Person_4709,48
4710,5251,3379,Person_4710,58
4711,5673,5289,Person_4711,80
4712,6340,7507,Person_4712,63
4713,8599,6198,Person_4713,80
4714,6807,4988,Person_4714,53
4715,1557,367,Person_4715,34
4716,6605,4122,Person_4716,64
4717,4628,6821,Person_4717,40
4718,6599,530,Person_4718,64
4719,1818,7255,Person_4719,29
4720,6817,2964,Person_4720,49
4721,5609,5737,Person_4721,37
4722,689,2277,Person_4722,33
4723,1910,4361,Person_4723,28
4724,571,3382,Person_4724,23
4725,4885,6029,Person_4725,53
4726,7482,9831,Person_4726,61
4727,3204,4360,Person_4727,29
4728,7954,9727,Person_4728,78
4729,4318,3501,Person_4729,35
4730,1053,3490,Person_4730,54
4731,6514,8319,Person_4731,70
4732,4235,4960,Person_4732,30
4733,7844,739,Person_4733,57
4734,349,6014,Person_4734,41
4735,2882,3226,Person_4735,45
4736,4755,8139,Person_4736,27
4737,9675,7579,Person_4737,56
4738,4643,887,Person_4738,44
4739,2436,3240,Person_4739,80
4740,5514,7526,Person_4740,19
4741,7014,6739,Person_4741,34
4742,3661,6055,Person_4742,35
4743,3921,5520,Person_4743,58
4744,6587,7789,Person_4744,24
4745,7193,2246,Person_4745,42
4746,739,605,Person_4746,56
4747,4383,705,Person_4747,80
4748,508,4346,Person_4748,33
4749,690,6441,Person_4749,37
4750,8972,2309,Person_4750,62
4751,9355,8996,Person_4751,29
4752,4474,3887,Person_4752,20
4753,3811,335,Person_4753,26
4754,7962,9027,Person_4754,31
4755,9859,9467,Person_4755,41
4756,3592,5617,Person_4756,23
4757,2084,6327,Person_4757,74
4758,8091,5030,Person_4758,44
4759,5392,2539,Person_4759,61
4760,8603,4222,Person_4760,34
4761,6189,4366,Person_4761,76
4762,487,2776,Person_4762,26
4763,9325,6124,Person_4763,72
4764,7934,2261,Person_4764,37
4765,3648,4638,Person_4765,22
4766,8104,7198,Person_4766,74
4767,7246,142,Person_4767,53
4768,5162,7214,Person_4768,55
4769,2533,4599,Person_4769,78
4770,8079,8242,Person_4770,41
4771,5808,7702,Person_4771,49
4772,3750,158,Person_4772,38
4773,3855,9049,Person_4773,78
4774,4174,1501,Person_4774,63
4775,4012,8368,Person_4775,38
4776,5046,8913,Person_4776,22
4777,6951,9257,Person_4777,59
4778,875,9488,Person_4778,70
4779,1829,8909,Person_4779,31
4780,4488,9207,Person_4780,72
4781,697,6543,Person_4781,31
4782,2885,5559,Person_4782,50
4783,4041,1705,Person_4783,70
4784,4530,4301,Person_4784,78
4785,9205,9010,Person_4785,64
4786,40,726,Person_4786,20
4787,7519,9256,Person_4787,52
4788,5154,4361,Person_4788,50
4789,8175,3541,Person_4789,80
4790,4337,1428,Person_4790,20
4791,1169,8368,Person_4791,62
4792,976,3230,Person_4792,77
4793,6256,8601,Person_4793,39
4794,1014,3980,Person_4794,59
4795,9938,1143,Person_4795,60
4796,4985,1435,Person_4796,78
4797,5767,9317,Person_4797,31
4798,4327,2124,Person_4798,70
4799,2780,936,Person_4799,71
4800,951,546,Person_4800,36
4801,4446,8389,Person_4801,76
4802,247,6972,Person_4802,70
4803,8460,9846,Person_4803,40
4804,4062,4608,Person_4804,46
4805,335,3519,Person_4805,30
4806,9731,4136,Person_4806,45
4807,1409,6944,Person_4807,33
4808,767,5468,Person_4808,78
4809,3307,2278,Person_4809,42
4810,7048,9830,Person_4810,45
4811,6865,6084,Person_4811,36
4812,8130,8652,Person_4812,20
4813,9771,6198,Person_4813,39
4814,5438,2938,Person_4814,68
4815,9315,9547,Person_4815,42
4816,123,9009,Person_4816,26
4817,498,956,Person_4817,68
4818,8849,5333,Person_4818,50
4819,4680,5011,Person_4819,52
4820,2126,9195,Person_4820,31
4821,5206,9669,Person_4821,50
4822,1059,2735,Person_4822,47
4823,5742,5663,Person_4823,77
4824,2543,6846,Person_4824,47
4825,7977,1938,Person_4825,52
4826,539,1330,Person_4826,56
4827,9808,8627,Person_4827,37
4828,7192,6381,Person_4828,52
4829,8982,6228,Person_4829,58
4830,9450,2301,Person_4830,30
4831,8872,2348,Person_4831,75
4832,9869,7758,Person_4832,58
4833,6358,7629,Person_4833,30
4834,2343,6300,Person_4834,69
4835,3482,9827,Person_4835,25
4836,4629,7700,Person_4836,44
4837,6649,1829,Person_4837,47
4838,5416,9901,Person_4838,58
4839,2644,5835,Person_4839,63
4840,8570,5350,Person_4840,76
4841,2792,3887,Person_4841,50
4842,2757,4111,Person_4842,53
4843,8847,6022,Person_4843,30
4844,8702,3757,Person_4844,75
4845,4637,1300,Person_4845,73
4846,4496,4081,Person_4846,48
4847,8733,915,Person_4847,67
4848,249,8903,Person_4848,35
4849,8061,8399,Person_4849,58
4850,4884,178,Person_4850,58
4851,9493,9538,Person_4851,77
4852,9274,2525,Person_4852,52
4853,585,356,Person_4853,71
4854,7708,1305,Person_4854,54
4855,9631,5576,Person_4855,80
4856,1326,6448,Person_4856,64
4857,3383,8821,Person_4857,26
4858,3240,6447,Person_4858,30
4859,4268,3570,Person_4859,57
4860,5389,5938,Person_4860,28
4861,8055,6913,Person_4861,69
4862,3828,8055,Person_4862,59
4863,4508,4049,Person_4863,50
4864,1122,3589,Person_4864,43
4865,436,5519,Person_4865,55
4866,3289,3182,Person_4866,57
4867,2605,1910,Person_4867,47
4868,6715,7169,Person_4868,19
4869,2852,5941,Person_4869,39
4870,2561,9180,Person_4870,24
4871,4018,8393,Person_4871,27
4872,7777,1029,Person_4872,77
4873,2565,5802,Person_4873,31
4874,3752,3472,Person_4874,48
4875,378,8403,Person_4875,45
4876,409,4227,Person_4876,66
4877,7788,2706,Person_4877,21
4878,8302,6059,Person_4878,51
4879,7463,5344,Person_4879,52
4880,3351,4175,Person_4880,37
4881,1181,1678,Person_4881,77
4882,6697,1720,Person_4882,31
4883,6277,6140,Person_4883,74
4884,5938,9647,Person_4884,26
4885,3795,935,Person_4885,64
4886,1562,2688,Person_4886,49
4887,7283,5012,Person_4887,64
4888,8512,5748,Person_4888,48
4889,9232,7201,Person_4889,58
4890,5057,7958,Person_4890,54
4891,3056,2583,Person_4891,73
4892,1046,1595,Person_4892,80
4893,6599,7706,Person_4893,46
4894,6418,3021,Person_4894,50
4895,4065,8217,Person_4895,27
4896,9809,8267,Person_4896,43
4897,6711,7286,Person_4897,43
4898,9447,7896,Person_4898,40
4899,4165,8841,Person_4899,51
4900,4302,2764,Person_4900,75
4901,8376,6925,Person_4901,53
4902,6077,5792,Person_4902,62
4903,937,5407,Person_4903,41
4904,7568,4571,Person_4904,20
4905,2215,8697,Person_4905,21
4906,7942,7129,Person_4906,77
4907,9329,6675,Person_4907,47
4908,3958,4136,Person_4908,62
4909,5007,6173,Person_4909,80
4910,4518,331,Person_4910,20
4911,4951,2645,Person_4911,77
4912,5819,5480,Person_4912,75
4913,3673,9908,Person_4913,37
4914,9153,127,Person_4914,36
4915,7480,2785,Person_4915,32
4916,6414,128,Person_4916,62
4917,7034,9429,Person_4917,64
4918,874,1264,Person_4918,70
4919,6742,6128,Person_4919,34
4920,8290,2790,Person_4920,80
4921,9659,3242,Person_4921,57
4922,1160,2176,Person_4922,39
4923,8466,6249,Person_4923,31
4924,2335,7685,Person_4924,26
4925,6108,2592,Person_4925,78
4926,1015,4445,Person_4926,44
4927,2867,3475,Person_4927,24
4928,6615,6545,Person_4928,52
4929,524,4572,Person_4929,56
4930,7585,7272,Person_4930,46
4931,7723,9391,Person_4931,53
4932,3216,742,Person_4932,78
4933,179,8803,Person_4933,47
4934,2928,9728,Person_4934,24
4935,6978,2564,Person_4935,21
4936,4899,9509,Person_4936,44
4937,8498,2108,Person_4937,25
4938,5813,8457,Person_4938,76
4939,3683,9890,Person_4939,80
4940,2212,1142,Person_4940,19
4941,8260,5346,Person_4941,59
4942,1525,1740,Person_4942,39
4943,5896,9975,Person_4943,68
4944,1611,3405,Person_4944,71
4945,3101,3466,Person_4945,45
4946,3074,3427,Person_4946,18
4947,1936,7984,Person_4947,60
4948,1286,4462,Person_4948,27
4949,2104,7335,Person_4949,71
4950,6393,8969,Person_4950,72
4951,7668,5078,Person_4951,23
4952,9206,9338,Person_4952,57
4953,9254,2793,Person_4953,38
4954,1992,4898,Person_4954,74
4955,8044,6840,Person_4955,34
4956,1618,1504,Person_4956,19
4957,9387,4689,Person_4957,53
4958,3475,1922,Person_4958,28
4959,6454,7420,Person_4959,64
4960,2565,5761,Person_4960,20
4961,9400,104,Person_4961,67
4962,8306,984,Person_4962,26
4963,8048,6373,Person_4963,31
4964,2448,6278,Person_4964,21
4965,5366,3633,Person_4965,52
4966,8209,3776,Person_4966,35
4967,1857,442,Person_4967,44
4968,7178,9781,Person_4968,80
4969,481,6930,Person_4969,31
4970,6239,4491,Person_4970,23
4971,3180,521,Person_4971,70
4972,839,5290,Person_4972,49
4973,1268,3970,Person_4973,72
4974,5030,2032,Person_4974,29
4975,6892,2878,Person_4975,66
4976,4384,3025,Person_4976,54
4977,8294,1174,Person_4977,36
4978,9793,977,Person_4978,33
4979,8859,2186,Person_4979,76
4980,5914,2600,Person_4980,69
4981,8952,4493,Person_4981,51
4982,8,9013,Person_4982,58
4983,7554,2026,Person_4983,40
4984,9233,1350,Person_4984,41
4985,8996,8099,Person_4985,37
4986,9290,5936,Person_4986,30
4987,4247,2267,Person_4987,42
4988,8563,8617,Person_4988,31
4989,7068,9871,Person_4989,50
4990,6604,1892,Person_4990,47
4991,8002,2087,Person_4991,38
4992,6756,2258,Person_4992,80
4993,2772,1121,Person_4993,60
4994,4294,7586,Person_4994,20
4995,5492,6529,Person_4995,50
4996,2882,9802,Person_4996,28
4997,6216,8263,Person_4997,45
4998,2148,4232,Person_4998,78
4999,7785,1097,Person_4999,21
5000,89,4744,Person_5000,40
