7501,2008,7690,Person_7501,69
7502,7345,1021,Person_7502,71
7503,4227,7208,Person_7503,51
7504,9456,4624,Person_7504,63
7505,3296,5543,Person_7505,32
7506,3284,4877,Person_7506,23
7507,279,4803,Person_7507,23
7508,8042,8775,Person_7508,19
7509,6059,8185,Person_7509,30
7510,4076,6928,Person_7510,18
7511,6520,1625,Person_7511,54
7512,1516,7903,Person_7512,62
7513,2759,4809,Person_7513,74
7514,4887,7842,Person_7514,24
7515,633,1525,Person_7515,55
7516,3124,1356,Person_7516,75
7517,2165,526,Person_7517,49
7518,9701,530,Person_7518,25
7519,5820,9941,Person_7519,50
7520,806,4589,Person_7520,65
7521,3877,8117,Person_7521,72
7522,5339,2133,Person_7522,68
7523,6687,1293,Person_7523,49
7524,7314,1691,Person_7524,68
7525,6114,4063,Person_7525,33
7526,5084,4743,Person_7526,40
7527,4735,5376,Person_7527,60
7528,1095,419,Person_7528,33
7529,9032,699,Person_7529,79
7530,2408,3210,Person_7530,69
7531,9099,2201,Person_7531,73
7532,3661,2970,Person_7532,34
7533,497,3657,Person_7533,51
7534,6693,3758,Person_7534,58
7535,6705,65,Person_7535,72
7536,358,4385,Person_7536,39
7537,5508,7066,Person_7537,34
7538,4887,703,Person_7538,39
7539,3136,2212,Person_7539,56
7540,4078,8517,Person_7540,18
7541,4357,4998,Person_7541,56
7542,2892,7460,Person_7542,47
7543,1408,1180,Person_7543,19
7544,8371,4412,Person_7544,48
7545,8956,7471,Person_7545,68
7546,83,3041,Person_7546,71
7547,8210,2015,Person_7547,67
7548,2176,9882,Person_7548,25
7549,8379,4610,Person_7549,48
7550,8143,8535,Person_7550,19
7551,2827,3647,Person_7551,77
7552,7332,5665,Person_7552,53
7553,7031,3562,Person_7553,42
7554,4147,636,Person_7554,41
7555,8662,9206,Person_7555,46
7556,2361,8906,Person_7556,66
7557,3509,5304,Person_7557,56
7558,30,1866,Person_7558,49
7559,7717,5994,Person_7559,50
7560,8202,6411,Person_7560,20
7561,2538,4418,Person_7561,69
7562,1715,1780,Person_7562,32
7563,5234,7271,Person_7563,43
7564,8959,5480,Person_7564,26
7565,4094,2811,Person_7565,67
7566,930,3406,Person_7566,67
7567,8260,1969,Person_7567,44
7568,9807,7757,Person_7568,32
7569,205,4117,Person_7569,51
7570,1847,8619,Person_7570,48
7571,1811,3125,Person_7571,25
7572,8997,4983,Person_7572,35
7573,2019,7414,Person_7573,55
7574,1476,5557,Person_7574,65
7575,4891,8152,Person_7575,46
7576,6347,543,Person_7576,46
7577,2475,1181,Person_7577,48
7578,3384,9083,Person_7578,49
7579,4527,6163,Person_7579,38
7580,3429,1488,Person_7580,21
7581,8490,8610,Person_7581,44
7582,5286,949,Person_7582,69
7583,1669,3761,Person_7583,75
7584,2549,2872,Person_7584,21
7585,9535,2467,Person_7585,37
7586,242,5902,Person_7586,54
7587,7938,9677,Person_7587,64
7588,7022,9155,Person_7588,49
7589,5594,4899,Person_7589,75
7590,1106,9997,Person_7590,19
7591,173,3927,Person_7591,43
7592,4396,373,Person_7592,22
7593,2455,9289,Person_7593,41
7594,1358,1362,Person_7594,62
7595,730,280,Person_7595,31
7596,2033,2517,Person_7596,69
7597,8754,7473,Person_7597,42
7598,129,54,Person_7598,56
7599,2642,7758,Person_7599,46
7600,267,776,Person_7600,61
7601,8178,1638,Person_7601,54
7602,5555,7554,Person_7602,30
7603,4828,9701,Person_7603,20
7604,6547,3921,Person_7604,25
7605,265,303,Person_7605,51
7606,2177,7532,Person_7606,22
7607,1361,6064,Person_7607,35
7608,8250,3358,Person_7608,24
7609,5472,5127,Person_7609,23
7610,2735,9609,Person_7610,23
7611,1303,7299,Person_7611,19
7612,5984,4534,Person_7612,58
7613,9686,7768,Person_7613,63
7614,3693,7751,Person_7614,25
7615,3794,8518,Person_7615,77
7616,911,47,Person_7616,45
7617,9265,5637,Person_7617,74
7618,1489,9193,Person_7618,68
7619,1020,7358,Person_7619,41
7620,1126,3870,Person_7620,77
7621,3432,4919,Person_7621,65
7622,9771,8852,Person_7622,41
7623,4439,3202,Person_7623,25
7624,437,8369,Person_7624,18
7625,3891,9818,Person_7625,26
7626,1664,2967,Person_7626,25
7627,283,1209,Person_7627,78
7628,3540,8772,Person_7628,63
7629,293,2119,Person_7629,23
7630,1769,5505,Person_7630,74
7631,6210,6318,Person_7631,27
7632,9596,5104,Person_7632,52
7633,1078,9521,Person_7633,30
7634,429,9410,Person_7634,32
7635,8141,7931,Person_7635,62
7636,334,2732,Person_7636,72
7637,1322,9355,Person_7637,76
7638,3859,6942,Person_7638,52
7639,4023,1962,Person_7639,69
7640,7409,9021,Person_7640,32
7641,6943,4630,Person_7641,58
7642,6709,5505,Person_7642,23
7643,6645,445,Person_7643,46
7644,2868,6343,Person_7644,44
7645,2649,9012,Person_7645,18
7646,9851,663,Person_7646,80
7647,9562,3835,Person_7647,70
7648,1562,4877,Person_7648,73
7649,8566,9293,Person_7649,75
7650,5830,2072,Person_7650,18
7651,3188,7725,Person_7651,76
7652,3956,9479,Person_7652,62
7653,3334,5494,Person_7653,25
7654,6116,168,Person_7654,77
7655,9496,8455,Person_7655,51
7656,4853,4087,Person_7656,39
7657,224,804,Person_7657,47
7658,1477,2858,Person_7658,33
7659,7850,5973,Person_7659,66
7660,2197,8213,Person_7660,24
7661,5312,7561,Person_7661,41
7662,5322,8700,Person_7662,78
7663,5490,8075,Person_7663,18
7664,4394,1866,Person_7664,73
7665,2561,1846,Person_7665,43
7666,6787,8980,Person_7666,22
7667,446,5743,Person_7667,64
7668,1698,4633,Person_7668,42
7669,7016,1943,Person_7669,32
7670,3046,766,Person_7670,39
7671,5709,6827,Person_7671,62
7672,4787,6369,Person_7672,50
7673,8403,3633,Person_7673,65
7674,2579,2635,Person_7674,77
7675,8693,9527,Person_7675,71
7676,8229,4037,Person_7676,49
7677,9205,5408,Person_7677,25
7678,3695,2959,Person_7678,73
7679,4624,4727,Person_7679,32
7680,8779,1127,Person_7680,19
7681,9768,7385,Person_7681,27
7682,385,7804,Person_7682,64
7683,3359,4287,Person_7683,78
7684,4505,7943,Person_7684,27
7685,9637,6079,Person_7685,24
7686,8855,2574,Person_7686,65
7687,1397,2374,Person_7687,34
7688,3585,175,Person_7688,53
7689,2688,9512,Person_7689,30
7690,2482,5671,Person_7690,55
7691,8788,8025,Person_7691,54
7692,3308,6296,Person_7692,80
7693,2372,6833,Person_7693,53
7694,5742,6544,Person_7694,67
7695,1242,4294,Person_7695,59
7696,7549,9126,Person_7696,74
7697,255,7114,Person_7697,76
7698,7672,368,Person_7698,40
7699,2788,6355,Person_7699,31
7700,3232,9792,Person_7700,19
7701,615,5627,Person_7701,72
7702,7887,1061,Person_7702,72
7703,3860,5106,Person_7703,23
7704,7951,3671,Person_7704,21
7705,8049,4265,Person_7705,47
7706,1148,4465,Person_7706,74
7707,7099,4995,Person_7707,73
7708,2975,4180,Person_7708,69
7709,8333,1909,Person_7709,55
7710,8230,4871,Person_7710,27
7711,3291,7235,Person_7711,42
7712,8661,3873,Person_7712,39
7713,705,9937,Person_7713,39
7714,8069,3060,Person_7714,33
7715,2391,3576,Person_7715,60
7716,7360,8197,Person_7716,58
7717,4639,9672,Person_7717,58
7718,9687,9303,Person_7718,25
7719,5804,4725,Person_7719,33
7720,5043,1553,Person_7720,77
7721,7899,6735,Person_7721,80
7722,8383,8576,Person_7722,68
7723,4702,256,Person_7723,56
7724,9466,8992,Person_7724,46
7725,1170,5521,Person_7725,39
7726,3386,3271,Person_7726,48
7727,7282,9181,Person_7727,51
7728,2415,2428,Person_7728,65
7729,9732,6854,Person_7729,28
7730,6369,2984,Person_7730,76
7731,3525,19,Person_7731,74
7732,8519,9738,Person_7732,36
7733,5470,7386,Person_7733,36
7734,2368,3689,Person_7734,39
7735,7489,1528,Person_7735,45
7736,7723,1997,Person_7736,21
7737,1705,5962,Person_7737,60
7738,5882,8007,Person_7738,27
7739,4873,4064,Person_7739,43
7740,2177,2608,Person_7740,51
7741,7932,2509,Person_7741,73
7742,2260,3885,Person_7742,71
7743,5427,4717,Person_7743,51
7744,308,640,Person_7744,74
7745,1658,7234,Person_7745,61
7746,6460,6042,Person_7746,40
7747,3408,6114,Person_7747,58
7748,9926,5850,Person_7748,65
7749,7869,9498,Person_7749,37
7750,8191,2092,Person_7750,23
7751,7722,5339,Person_7751,50
7752,7736,7729,Person_7752,66
7753,474,4471,Person_7753,70
7754,8688,7092,Person_7754,79
7755,5272,880,Person_7755,26
7756,5236,448,Person_7756,48
7757,8053,9940,Person_7757,53
7758,9121,1618,Person_7758,47
7759,4314,3017,Person_7759,77
7760,6070,3932,Person_7760,77
7761,5475,7059,Person_7761,25
7762,4101,2587,Person_7762,51
7763,4174,5978,Person_7763,55
7764,6659,566,Person_7764,68
7765,9307,264,Person_7765,29
7766,9155,6589,Person_7766,79
7767,886,8352,Person_7767,47
7768,2995,453,Person_7768,46
7769,4458,1605,Person_7769,50
7770,5854,9221,Person_7770,56
7771,853,7285,Person_7771,80
7772,7592,50,Person_7772,40
7773,4054,8050,Person_7773,49
7774,6392,7794,Person_7774,63
7775,4417,7387,Person_7775,67
7776,2605,3,Person_7776,51
7777,6082,8433,Person_7777,48
7778,7802,3020,Person_7778,29
7779,9529,1068,Person_7779,34
7780,5029,1955,Person_7780,72
7781,9369,1736,Person_7781,28
7782,8997,8617,Person_7782,61
7783,1189,6634,Person_7783,27
7784,2948,3225,Person_7784,21
7785,172,3149,Person_7785,37
7786,4787,458,Person_7786,71
7787,9444,7626,Person_7787,50
7788,5491,1026,Person_7788,36
7789,2404,3538,Person_7789,75
7790,2700,3769,Person_7790,45
7791,1936,3166,Person_7791,72
7792,2542,3138,Person_7792,63
7793,8177,7895,Person_7793,37
7794,9349,9027,Person_7794,49
7795,170,2300,Person_7795,78
7796,3462,3790,Person_7796,52
7797,7497,820,Person_7797,66
7798,2093,9155,Person_7798,52
7799,7738,2941,Person_7799,78
7800,1796,9606,Person_7800,73
7801,917,9354,Person_7801,28
7802,311,2631,Person_7802,34
7803,2311,8799,Person_7803,19
7804,2387,2043,Person_7804,80
7805,4866,3632,Person_7805,37
7806,9417,8326,Person_7806,18
7807,5069,8997,Person_7807,29
7808,2886,430,Person_7808,43
7809,3492,1554,Person_7809,51
7810,8829,3866,Person_7810,67
7811,4564,813,Person_7811,30
7812,37,5360,Person_7812,30
7813,6748,9443,Person_7813,73
7814,2533,3150,Person_7814,53
7815,3409,6449,Person_7815,18
7816,7585,245,Person_7816,69
7817,8741,7901,Person_7817,23
7818,9488,5379,Person_7818,67
7819,8800,2034,Person_7819,70
7820,5249,8591,Person_7820,69
7821,692,7870,Person_7821,76
7822,5587,4519,Person_7822,64
7823,7016,8857,Person_7823,58
7824,7221,493,Person_7824,34
7825,3079,1519,Person_7825,35
7826,248,4032,Person_7826,61
7827,2869,8474,Person_7827,78
7828,5275,5039,Person_7828,68
7829,5303,2966,Person_7829,28
7830,4787,5276,Person_7830,68
7831,2656,8632,Person_7831,53
7832,4972,9915,Person_7832,55
7833,9970,7627,Person_7833,63
7834,6030,1083,Person_7834,32
7835,6331,7894,Person_7835,58
7836,5876,6138,Person_7836,37
7837,3594,1486,Person_7837,59
7838,1122,2183,Person_7838,49
7839,1546,1484,Person_7839,78
7840,7884,7223,Person_7840,62
7841,1269,3561,Person_7841,69
7842,3247,1658,Person_7842,39
7843,2213,6769,Person_7843,68
7844,9012,8491,Person_7844,59
7845,7011,9406,Person_7845,31
7846,3044,1627,Person_7846,23
7847,1318,3424,Person_7847,28
7848,634,4290,Person_7848,79
7849,3043,5801,Person_7849,59
7850,6406,9721,Person_7850,44
7851,2809,5793,Person_7851,46
7852,4119,1532,Person_7852,71
7853,4810,4088,Person_7853,29
7854,8295,5883,Person_7854,44
7855,3445,8276,Person_7855,63
7856,8269,3558,Person_7856,76
7857,2487,7084,Person_7857,66
7858,5824,3944,Person_7858,42
7859,1067,29,Person_7859,73
7860,7513,7850,Person_7860,63
7861,1768,519,Person_7861,76
7862,3663,1493,Person_7862,57
7863,8860,5087,Person_7863,28
7864,5714,5574,Person_7864,74
7865,6696,4329,Person_7865,53
7866,6985,7426,Person_7866,47
7867,8353,9983,Person_7867,33
7868,7425,1042,Person_7868,61
7869,1480,3227,Person_7869,31
7870,3470,7430,Person_7870,48
7871,2387,7137,Person_7871,69
7872,6262,1557,Person_7872,37
7873,1159,6184,Person_7873,18
7874,8482,1793,Person_7874,36
7875,172,6022,Person_7875,79
7876,4315,8466,Person_7876,26
7877,5586,2577,Person_7877,52
7878,7977,9359,Person_7878,29
7879,9126,9159,Person_7879,80
7880,8705,8685,Person_7880,66
7881,8214,3876,Person_7881,61
7882,2659,4679,Person_7882,35
7883,1565,333,Person_7883,32
7884,6771,1677,Person_7884,22
7885,1322,4065,Person_7885,61
7886,7005,6783,Person_7886,24
7887,3130,1747,Person_7887,21
7888,8126,8065,Person_7888,37
7889,7252,2055,Person_7889,73
7890,8490,5427,Person_7890,71
7891,193,8810,Person_7891,64
7892,4011,3586,Person_7892,34
7893,3924,8257,Person_7893,63
7894,3787,4813,Person_7894,50
7895,2055,9835,Person_7895,58
7896,5743,8355,Person_7896,52
7897,2846,6649,Person_7897,29
7898,3158,1122,Person_7898,36
7899,7143,9115,Person_7899,23
7900,5066,5567,Person_7900,58
7901,9249,9692,Person_7901,59
7902,6118,9662,Person_7902,80
7903,7254,6126,Person_7903,70
7904,6971,9058,Person_7904,62
7905,5703,7236,Person_7905,68
7906,9816,3336,Person_7906,21
7907,8575,2363,Person_7907,63
7908,1211,6410,Person_7908,19
7909,9134,4383,Person_7909,60
7910,5571,5451,Person_7910,51
7911,8441,5171,Person_7911,76
7912,640,2999,Person_7912,45
7913,432,4532,Person_7913,30
7914,5762,8671,Person_7914,78
7915,9114,6770,Person_7915,63
7916,5205,5716,Person_7916,59
7917,1631,6852,Person_7917,72
7918,2722,8955,Person_7918,27
7919,8297,9191,Person_7919,58
7920,4043,8205,Person_7920,47
7921,2686,6819,Person_7921,37
7922,2573,8174,Person_7922,74
7923,3544,3664,Person_7923,46
7924,4938,4569,Person_7924,77
7925,3310,7425,Person_7925,68
7926,3697,4114,Person_7926,19
7927,7785,6378,Person_7927,53
7928,3225,5076,Person_7928,73
7929,5621,9558,Person_7929,25
7930,9522,3516,Person_7930,62
7931,8944,2232,Person_7931,41
7932,9959,4631,Person_7932,57
7933,6544,1347,Person_7933,39
7934,9679,8147,Person_7934,38
7935,3307,9131,Person_7935,61
7936,706,838,Person_7936,29
7937,5532,9989,Person_7937,62
7938,3016,1505,Person_7938,37
7939,2447,4552,Person_7939,73
7940,7400,5880,Person_7940,43
7941,4173,7896,Person_7941,66
7942,1265,3229,Person_7942,61
7943,4985,827,Person_7943,49
7944,3909,3243,Person_7944,47
7945,5781,2358,Person_7945,76
7946,5325,3509,Person_7946,63
7947,3808,7926,Person_7947,74
7948,5258,8600,Person_7948,34
7949,4945,5300,Person_7949,25
7950,3958,1064,Person_7950,46
7951,6396,9702,Person_7951,46
7952,9549,9692,Person_7952,58
7953,4695,3464,Person_7953,78
7954,1569,4994,Person_7954,22
7955,7471,9468,Person_7955,70
7956,3727,1801,Person_7956,61
7957,9616,456,Person_7957,80
7958,2562,9884,Person_7958,48
7959,988,2545,Person_7959,34
7960,4838,9946,Person_7960,27
7961,8984,3427,Person_7961,38
7962,3170,8012,Person_7962,74
7963,1864,3696,Person_7963,66
7964,4307,2877,Person_7964,68
7965,1509,7638,Person_7965,52
7966,2300,7146,Person_7966,25
7967,8573,427,Person_7967,49
7968,894,5197,Person_7968,71
7969,7182,2272,Person_7969,55
7970,5835,4650,Person_7970,68
7971,9161,5567,Person_7971,18
7972,4968,1692,Person_7972,20
7973,5866,6915,Person_7973,19
7974,6280,899,Person_7974,25
7975,5383,5446,Person_7975,37
7976,2239,7407,Person_7976,22
7977,8174,1949,Person_7977,54
7978,6807,5776,Person_7978,70
7979,8481,4914,Person_7979,25
7980,9584,3364,Person_7980,58
7981,8021,4488,Person_7981,53
7982,6147,8226,Person_7982,51
7983,5834,6404,Person_7983,21
7984,1563,6134,Person_7984,31
7985,6022,6852,Person_7985,44
7986,2938,5999,Person_7986,69
7987,9684,6898,Person_7987,24
7988,4994,8375,Person_7988,49
7989,4421,3750,Person_7989,27
7990,167,629,Person_7990,24
7991,4152,3043,Person_7991,39
7992,1764,7918,Person_7992,43
7993,7413,7316,Person_7993,32
7994,5088,6922,Person_7994,50
7995,4555,850,Person_7995,78
7996,8581,7599,Person_7996,72
7997,8635,9952,Person_7997,20
7998,7980,651,Person_7998,60
7999,7757,2552,Person_7999,55
8000,4392,2688,Person_8000,64
8001,8022,6038,Person_8001,69
8002,9686,6861,Person_8002,65
8003,6034,5868,Person_8003,37
8004,9092,210,Person_8004,28
8005,7794,2368,Person_8005,24
8006,1377,9442,Person_8006,28
8007,1997,9345,Person_8007,69
8008,4286,5682,Person_8008,73
8009,5005,9616,Person_8009,59
8010,6579,8262,Person_8010,32
8011,6532,8607,Person_8011,42
8012,9149,9386,Person_8012,34
8013,5867,6878,Person_8013,69
8014,5066,4181,Person_8014,70
8015,4892,7998,Person_8015,22
8016,4857,3705,Person_8016,74
8017,554,7106,Person_8017,49
8018,772,4384,Person_8018,78
8019,3812,5133,Person_8019,19
8020,469,6694,Person_8020,48
8021,7066,3276,Person_8021,40
8022,703,6234,Person_8022,56
8023,7520,9337,Person_8023,26
8024,7497,3453,Person_8024,74
8025,1986,8380,Person_8025,35
8026,9359,5750,Person_8026,20
8027,3788,1268,Person_8027,79
8028,3234,8057,Person_8028,52
8029,5244,9798,Person_8029,48
8030,6054,8104,Person_8030,77
8031,5028,5459,Person_8031,31
8032,430,2176,Person_8032,78
8033,6255,8234,Person_8033,56
8034,8410,5688,Person_8034,27
8035,5830,9009,Person_8035,73
8036,821,4832,Person_8036,65
8037,248,2661,Person_8037,45
8038,7405,9739,Person_8038,44
8039,7533,1927,Person_8039,62
8040,6427,9067,Person_8040,36
8041,1916,2388,Person_8041,46
8042,4907,4412,Person_8042,45
8043,1409,2719,Person_8043,69
8044,3778,4603,Person_8044,73
8045,5979,8477,Person_8045,27
8046,791,1974,Person_8046,19
8047,1006,122,Person_8047,41
8048,4045,7728,Person_8048,25
8049,8682,8444,Person_8049,35
8050,5720,5335,Person_8050,29
8051,9153,6240,Person_8051,22
8052,7511,6202,Person_8052,35
8053,7802,1849,Person_8053,24
8054,666,8211,Person_8054,28
8055,7231,5135,Person_8055,40
8056,5,8126,Person_8056,74
8057,3106,4875,Person_8057,52
8058,6210,5096,Person_8058,72
8059,111,1185,Person_8059,79
8060,4425,8627,Person_8060,56
8061,1249,8519,Person_8061,44
8062,6307,1665,Person_8062,31
8063,8631,3500,Person_8063,51
8064,358,990,Person_8064,23
8065,3471,1211,Person_8065,62
8066,2942,869,Person_8066,72
8067,452,2145,Person_8067,44
8068,8071,5184,Person_8068,76
8069,7781,2181,Person_8069,71
8070,198,7834,Person_8070,42
8071,8720,9404,Person_8071,56
8072,3584,9762,Person_8072,69
8073,3604,532,Person_8073,26
8074,1898,4761,Person_8074,61
8075,2143,6480,Person_8075,77
8076,2573,8725,Person_8076,25
8077,7473,5868,Person_8077,29
8078,31,3380,Person_8078,54
8079,2857,5327,Person_8079,49
8080,6025,4693,Person_8080,71
8081,8263,4638,Person_8081,54
8082,4119,3421,Person_8082,51
8083,1565,8470,Person_8083,42
8084,218,6991,Person_8084,60
8085,9122,1671,Person_8085,43
8086,8618,4074,Person_8086,25
8087,5030,762,Person_8087,55
8088,6950,6618,Person_8088,22
8089,7864,1186,Person_8089,67
8090,9718,1949,Person_8090,30
8091,4434,9729,Person_8091,49
8092,2386,8472,Person_8092,22
8093,5299,9981,Person_8093,60
8094,5011,4159,Person_8094,62
8095,9902,4528,Person_8095,47
8096,3782,5468,Person_8096,61
8097,3913,9439,Person_8097,76
8098,8143,7017,Person_8098,65
8099,1578,7451,Person_8099,73
8100,420,145,Person_8100,32
8101,8632,5883,Person_8101,74
8102,4800,9273,Person_8102,47
8103,8355,1283,Person_8103,33
8104,2748,5371,Person_8104,36
8105,8262,6294,Person_8105,42
8106,8125,7800,Person_8106,36
8107,6460,3306,Person_8107,50
8108,6968,7883,Person_8108,56
8109,2810,8197,Person_8109,64
8110,5886,619,Person_8110,32
8111,6441,3060,Person_8111,44
8112,2170,7521,Person_8112,24
8113,8792,6480,Person_8113,52
8114,2631,4043,Person_8114,59
8115,2355,4549,Person_8115,74
8116,2982,6343,Person_8116,66
8117,7072,9691,Person_8117,64
8118,4352,8897,Person_8118,36
8119,7979,6199,Person_8119,42
8120,9571,3586,Person_8120,28
8121,4785,7421,Person_8121,65
8122,4053,928,Person_8122,76
8123,7723,3440,Person_8123,76
8124,7789,2030,Person_8124,33
8125,2871,3743,Person_8125,35
8126,4393,6858,Person_8126,65
8127,4504,9849,Person_8127,19
8128,6944,327,Person_8128,68
8129,650,4302,Person_8129,42
8130,12,2768,Person_8130,54
8131,7794,1675,Person_8131,47
8132,5851,8906,Person_8132,74
8133,3849,7477,Person_8133,73
8134,753,9651,Person_8134,31
8135,413,535,Person_8135,44
8136,5644,2713,Person_8136,72
8137,1744,6034,Person_8137,41
8138,5163,9351,Person_8138,70
8139,5545,3023,Person_8139,40
8140,4738,2085,Person_8140,25
8141,2766,803,Person_8141,41
8142,9709,208,Person_8142,31
8143,3911,8904,Person_8143,69
8144,6378,7693,Person_8144,70
8145,6944,8667,Person_8145,77
8146,9013,727,Person_8146,26
8147,2668,8104,Person_8147,37
8148,6596,8016,Person_8148,43
8149,4675,7706,Person_8149,71
8150,7547,465,Person_8150,42
8151,3645,1096,Person_8151,33
8152,4493,7884,Person_8152,34
8153,5559,1118,Person_8153,21
8154,8665,8903,Person_8154,68
8155,596,3346,Person_8155,43
8156,3012,8047,Person_8156,19
8157,3281,8318,Person_8157,22
8158,2300,8102,Person_8158,44
8159,3891,3845,Person_8159,21
8160,8884,3449,Person_8160,60
8161,6625,1109,Person_8161,28
8162,6792,4675,Person_8162,70
8163,3359,150,Person_8163,69
8164,8360,6552,Person_8164,75
8165,6573,4045,Person_8165,55
8166,6334,2197,Person_8166,65
8167,2655,984,Person_8167,67
8168,2131,4235,Person_8168,40
8169,1697,4963,Person_8169,27
8170,2496,1488,Person_8170,40
8171,1009,8360,Person_8171,33
8172,9843,9399,Person_8172,24
8173,4129,656,Person_8173,74
8174,3067,7995,Person_8174,21
8175,7384,2871,Person_8175,71
8176,6627,7223,Person_8176,57
8177,2621,5276,Person_8177,26
8178,873,7146,Person_8178,44
8179,519,2071,Person_8179,72
8180,5468,1107,Person_8180,32
8181,3821,1913,Person_8181,40
8182,7362,337,Person_8182,64
8183,1551,6082,Person_8183,42
8184,4547,605,Person_8184,72
8185,332,8028,Person_8185,74
8186,4720,2732,Person_8186,74
8187,3820,6739,Person_8187,73
8188,594,8983,Person_8188,38
8189,3232,1308,Person_8189,50
8190,397,2026,Person_8190,53
8191,2381,9827,Person_8191,38
8192,2912,1000,Person_8192,61
8193,2264,4506,Person_8193,59
8194,2712,9913,Person_8194,29
8195,8624,3991,Person_8195,49
8196,4632,7464,Person_8196,52
8197,2036,8919,Person_8197,72
8198,3620,5217,Person_8198,18
8199,2177,8561,Person_8199,59
8200,1080,4400,Person_8200,47
8201,1937,3326,Person_8201,29
8202,6888,3253,Person_8202,20
8203,2494,8115,Person_8203,43
8204,4302,6183,Person_8204,33
8205,2681,4542,Person_8205,36
8206,8625,5231,Person_8206,46
8207,8696,1354,Person_8207,73
8208,3365,5574,Person_8208,26
8209,3276,9569,Person_8209,50
8210,6891,2014,Person_8210,18
8211,4154,9894,Person_8211,32
8212,6925,739,Person_8212,66
8213,2462,3227,Person_8213,77
8214,6153,1240,Person_8214,70
8215,5859,5139,Person_8215,63
8216,6793,8008,Person_8216,73
8217,9533,2076,Person_8217,48
8218,3926,4720,Person_8218,65
8219,624,7302,Person_8219,72
8220,435,1790,Person_8220,54
8221,133,8614,Person_8221,74
8222,8316,4518,Person_8222,53
8223,6588,5182,Person_8223,48
8224,5426,7149,Person_8224,70
8225,9997,2639,Person_8225,56
8226,5007,7215,Person_8226,37
8227,8177,8190,Person_8227,30
8228,1967,6792,Person_8228,74
8229,6179,7528,Person_8229,59
8230,9342,2289,Person_8230,54
8231,4674,8008,Person_8231,26
8232,4289,609,Person_8232,41
8233,7687,9328,Person_8233,48
8234,6482,1770,Person_8234,55
8235,3603,278,Person_8235,63
8236,2407,538,Person_8236,21
8237,4966,3089,Person_8237,76
8238,9905,2580,Person_8238,21
8239,7180,9278,Person_8239,59
8240,9686,7308,Person_8240,50
8241,102,3347,Person_8241,66
8242,6712,5951,Person_8242,46
8243,9461,9067,Person_8243,57
8244,3314,4188,Person_8244,71
8245,4667,5200,Person_8245,41
8246,1433,4449,Person_8246,42
8247,7053,4994,Person_8247,38
8248,8111,453,Person_8248,43
8249,8595,7333,Person_8249,37
8250,9467,6606,Person_8250,44
8251,8968,1503,Person_8251,55
8252,121,4434,Person_8252,34
8253,3009,9792,Person_8253,23
8254,7909,2317,Person_8254,33
8255,1728,9822,Person_8255,62
8256,3966,4921,Person_8256,33
8257,5815,3927,Person_8257,40
8258,2760,8953,Person_8258,32
8259,2547,8959,Person_8259,63
8260,3082,2184,Person_8260,42
8261,5486,1336,Person_8261,64
8262,8742,7442,Person_8262,19
8263,9413,1366,Person_8263,68
8264,8403,2195,Person_8264,27
8265,2174,7178,Person_8265,20
8266,9701,1943,Person_8266,47
8267,8209,6356,Person_8267,76
8268,5885,702,Person_8268,66
8269,4009,4889,Person_8269,36
8270,9260,2076,Person_8270,53
8271,4555,3252,Person_8271,62
8272,7559,7221,Person_8272,75
8273,7089,5001,Person_8273,34
8274,4721,4822,Person_8274,59
8275,6311,8256,Person_8275,34
8276,1657,7466,Person_8276,55
8277,7559,2189,Person_8277,73
8278,2323,3507,Person_8278,36
8279,9540,7784,Person_8279,49
8280,2519,2379,Person_8280,22
8281,9609,6760,Person_8281,26
8282,2477,8087,Person_8282,67
8283,7580,9239,Person_8283,21
8284,1414,8391,Person_8284,27
8285,6068,403,Person_8285,39
8286,7371,608,Person_8286,29
8287,1232,9566,Person_8287,58
8288,2933,9991,Person_8288,56
8289,1228,7726,Person_8289,73
8290,8201,3629,Person_8290,74
8291,3578,5474,Person_8291,67
8292,8431,9715,Person_8292,71
8293,2999,3966,Person_8293,28
8294,5679,2756,Person_8294,28
8295,38,4332,Person_8295,42
8296,2054,9795,Person_8296,54
8297,9649,6397,Person_8297,67
8298,5996,1116,Person_8298,62
8299,865,9342,Person_8299,47
8300,3604,2667,Person_8300,75
8301,3220,2108,Person_8301,27
8302,5813,4031,Person_8302,63
8303,3971,4028,Person_8303,60
8304,4074,7222,Person_8304,46
8305,8792,5405,Person_8305,21
8306,2812,8058,Person_8306,77
8307,6303,2568,Person_8307,54
8308,3870,6318,Person_8308,77
8309,50,3505,Person_8309,46
8310,5985,826,Person_8310,79
8311,9497,5433,Person_8311,41
8312,2729,9788,Person_8312,23
8313,8220,4255,Person_8313,20
8314,7446,774,Person_8314,36
8315,7898,6797,Person_8315,41
8316,3022,3927,Person_8316,77
8317,1334,4106,Person_8317,24
8318,5457,7087,Person_8318,19
8319,3154,4510,Person_8319,18
8320,3860,2483,Person_8320,19
8321,8135,1988,Person_8321,60
8322,9961,8793,Person_8322,48
8323,966,4982,Person_8323,24
8324,1801,204,Person_8324,26
8325,4507,8892,Person_8325,79
8326,5257,5204,Person_8326,78
8327,8863,1070,Person_8327,53
8328,7849,4776,Person_8328,29
8329,345,6899,Person_8329,41
8330,8799,6063,Person_8330,41
8331,9039,863,Person_8331,79
8332,9806,203,Person_8332,45
8333,3910,7006,Person_8333,31
8334,5154,751,Person_8334,28
8335,2719,6274,Person_8335,77
8336,252,9333,Person_8336,44
8337,6194,4405,Person_8337,26
8338,1781,4659,Person_8338,23
8339,2636,6355,Person_8339,18
8340,7144,170,Person_8340,78
8341,6619,4728,Person_8341,69
8342,1336,6294,Person_8342,57
8343,3971,8567,Person_8343,71
8344,6704,2522,Person_8344,61
8345,3971,115,Person_8345,57
8346,1092,9833,Person_8346,50
8347,4062,158,Person_8347,40
8348,9578,5818,Person_8348,42
8349,7586,7106,Person_8349,44
8350,4666,6054,Person_8350,37
8351,4886,7948,Person_8351,52
8352,7267,2717,Person_8352,33
8353,7866,5895,Person_8353,47
8354,924,5044,Person_8354,47
8355,1970,5682,Person_8355,34
8356,2124,6489,Person_8356,33
8357,1578,9581,Person_8357,45
8358,8325,643,Person_8358,28
8359,6407,7953,Person_8359,69
8360,6057,1999,Person_8360,51
8361,6648,7746,Person_8361,24
8362,2315,8320,Person_8362,49
8363,8906,9539,Person_8363,63
8364,7126,4535,Person_8364,50
8365,8442,456,Person_8365,40
8366,9470,5758,Person_8366,47
8367,4915,9925,Person_8367,50
8368,1019,7769,Person_8368,62
8369,34,4684,Person_8369,57
8370,4500,9066,Person_8370,55
8371,2120,3286,Person_8371,55
8372,5048,1795,Person_8372,25
8373,2985,2987,Person_8373,59
8374,7056,840,Person_8374,34
8375,3160,3924,Person_8375,40
8376,9912,8330,Person_8376,20
8377,6357,1133,Person_8377,46
8378,267,5173,Person_8378,65
8379,2411,5649,Person_8379,36
8380,8982,5154,Person_8380,37
8381,1412,9440,Person_8381,59
8382,7374,7125,Person_8382,19
8383,3678,7459,Person_8383,71
8384,6017,4385,Person_8384,21
8385,4965,6256,Person_8385,71
8386,8578,8857,Person_8386,34
8387,4902,3361,Person_8387,61
8388,5524,9160,Person_8388,72
8389,355,8949,Person_8389,21
8390,4895,1033,Person_8390,50
8391,1944,4258,Person_8391,69
8392,1388,3573,Person_8392,48
8393,4879,8968,Person_8393,78
8394,1875,7616,Person_8394,22
8395,4187,6702,Person_8395,34
8396,5821,5320,Person_8396,80
8397,3647,5697,Person_8397,55
8398,4217,2527,Person_8398,58
8399,8360,4749,Person_8399,22
8400,9099,2689,Person_8400,47
8401,9284,4346,Person_8401,59
8402,7381,3357,Person_8402,46
8403,7130,1590,Person_8403,45
8404,3111,895,Person_8404,39
8405,186,7657,Person_8405,29
8406,1454,5560,Person_8406,69
8407,1567,2015,Person_8407,34
8408,6512,1695,Person_8408,30
8409,9001,464,Person_8409,36
8410,7548,4987,Person_8410,27
8411,2956,4153,Person_8411,43
8412,6251,6181,Person_8412,46
8413,7533,5753,Person_8413,71
8414,4025,9159,Person_8414,27
8415,1589,5168,Person_8415,29
8416,1507,9720,Person_8416,33
8417,2627,8406,Person_8417,44
8418,1467,4791,Person_8418,51
8419,8810,2258,Person_8419,41
8420,3170,3706,Person_8420,34
8421,6020,8172,Person_8421,75
8422,2550,7993,Person_8422,22
8423,6209,7343,Person_8423,25
8424,66,1192,Person_8424,30
8425,7352,1164,Person_8425,23
8426,1227,2609,Person_8426,77
8427,4079,1164,Person_8427,54
8428,5591,2029,Person_8428,23
8429,2257,4704,Person_8429,47
8430,6815,8576,Person_8430,53
8431,2027,2977,Person_8431,35
8432,5560,2895,Person_8432,78
8433,7924,2461,Person_8433,21
8434,593,6971,Person_8434,57
8435,7746,415,Person_8435,74
8436,4201,2801,Person_8436,69
8437,5882,192,Person_8437,34
8438,3878,9101,Person_8438,36
8439,4496,2299,Person_8439,30
8440,4120,3534,Person_8440,49
8441,121,7687,Person_8441,21
8442,2354,4409,Person_8442,24
8443,8993,4255,Person_8443,76
8444,9165,2577,Person_8444,79
8445,3641,6318,Person_8445,34
8446,7464,3423,Person_8446,49
8447,3045,2837,Person_8447,80
8448,8218,9826,Person_8448,37
8449,1162,1071,Person_8449,79
8450,3341,6961,Person_8450,39
8451,4941,4682,Person_8451,18
8452,5714,9900,Person_8452,58
8453,5731,7465,Person_8453,77
8454,961,6782,Person_8454,75
8455,27,7507,Person_8455,70
8456,5509,8554,Person_8456,26
8457,3779,5741,Person_8457,70
8458,4512,6903,Person_8458,65
8459,1763,6829,Person_8459,54
8460,3804,2937,Person_8460,48
8461,8729,9868,Person_8461,79
8462,3152,9807,Person_8462,76
8463,5272,6680,Person_8463,65
8464,7017,1824,Person_8464,48
8465,3790,2420,Person_8465,64
8466,6863,9781,Person_8466,44
8467,8041,9787,Person_8467,46
8468,1978,6221,Person_8468,72
8469,4047,3841,Person_8469,34
8470,3066,9506,Person_8470,71
8471,8188,4735,Person_8471,60
8472,730,7131,Person_8472,42
8473,1090,1269,Person_8473,58
8474,5038,811,Person_8474,28
8475,3711,8414,Person_8475,49
8476,9037,8968,Person_8476,51
8477,3498,1598,Person_8477,47
8478,6600,3089,Person_8478,40
8479,9056,6851,Person_8479,40
8480,1929,9259,Person_8480,79
8481,5269,6098,Person_8481,48
8482,3874,7733,Person_8482,25
8483,2560,8239,Person_8483,58
8484,2948,2025,Person_8484,27
8485,9504,6835,Person_8485,62
8486,7145,9371,Person_8486,71
8487,9663,3280,Person_8487,40
8488,7936,8120,Person_8488,80
8489,6934,4134,Person_8489,26
8490,9348,1491,Person_8490,24
8491,6099,5393,Person_8491,22
8492,9362,5945,Person_8492,22
8493,7153,7119,Person_8493,64
8494,3582,1956,Person_8494,27
8495,7714,9638,Person_8495,73
8496,1415,9222,Person_8496,41
8497,764,843,Person_8497,75
8498,56,5063,Person_8498,63
8499,6262,3227,Person_8499,38
8500,1578,5718,Person_8500,57
8501,5379,8411,Person_8501,31
8502,5772,9938,Person_8502,64
8503,9517,8798,Person_8503,23
8504,9882,6802,Person_8504,69
8505,2404,9583,Person_8505,30
8506,3195,9082,Person_8506,45
8507,4723,271,Person_8507,69
8508,1152,7853,Person_8508,51
8509,5051,862,Person_8509,68
8510,745,5204,Person_8510,35
8511,1930,554,Person_8511,30
8512,418,5997,Person_8512,21
8513,6061,7078,Person_8513,21
8514,3836,993,Person_8514,57
8515,8390,5575,Person_8515,41
8516,1461,2938,Person_8516,77
8517,9091,8081,Person_8517,73
8518,1666,1929,Person_8518,25
8519,1944,5162,Person_8519,39
8520,5147,9795,Person_8520,78
8521,825,1066,Person_8521,60
8522,6593,7606,Person_8522,66
8523,318,913,Person_8523,80
8524,9377,6266,Person_8524,59
8525,1653,3791,Person_8525,33
8526,5214,6531,Person_8526,35
8527,1178,8316,Person_8527,50
8528,4365,5215,Person_8528,25
8529,8801,6164,Person_8529,29
8530,43,8811,Person_8530,72
8531,8413,8424,Person_8531,39
8532,2732,3665,Person_8532,56
8533,4255,7834,Person_8533,49
8534,5125,2965,Person_8534,69
8535,4177,4649,Person_8535,39
8536,3238,6875,Person_8536,66
8537,7153,4865,Person_8537,67
8538,6552,8757,Person_8538,54
8539,6675,530,Person_8539,56
8540,4706,6627,Person_8540,42
8541,6222,3634,Person_8541,53
8542,4176,7765,Person_8542,73
8543,3638,6499,Person_8543,58
8544,8016,384,Person_8544,35
8545,5140,4575,Person_8545,44
8546,232,8626,Person_8546,32
8547,9530,7295,Person_8547,31
8548,2310,6040,Person_8548,24
8549,6742,4201,Person_8549,79
8550,4274,6534,Person_8550,28
8551,1899,2684,Person_8551,48
8552,4400,7308,Person_8552,76
8553,5830,3341,Person_8553,73
8554,282,6900,Person_8554,53
8555,3379,1668,Person_8555,71
8556,4986,5866,Person_8556,61
8557,6988,4088,Person_8557,36
8558,7819,6959,Person_8558,35
8559,7676,7396,Person_8559,66
8560,860,890,Person_8560,68
8561,5838,3886,Person_8561,51
8562,3996,3274,Person_8562,45
8563,1422,8643,Person_8563,36
8564,3772,7518,Person_8564,57
8565,1676,2119,Person_8565,35
8566,782,6854,Person_8566,48
8567,8433,4374,Person_8567,62
8568,7684,7129,Person_8568,57
8569,4571,4776,Person_8569,22
8570,5511,6416,Person_8570,18
8571,5251,9857,Person_8571,67
8572,8490,8592,Person_8572,79
8573,7800,9830,Person_8573,80
8574,4233,6263,Person_8574,47
8575,3045,8134,Person_8575,72
8576,3169,8918,Person_8576,49
8577,1032,5748,Person_8577,40
8578,5413,4731,Person_8578,63
8579,8052,936,Person_8579,58
8580,6334,9924,Person_8580,43
8581,954,3787,Person_8581,21
8582,8316,1752,Person_8582,56
8583,5799,8922,Person_8583,71
8584,7904,7221,Person_8584,33
8585,8083,7154,Person_8585,80
8586,7761,895,Person_8586,47
8587,3263,1995,Person_8587,34
8588,3290,3952,Person_8588,51
8589,8460,6437,Person_8589,74
8590,4724,5255,Person_8590,43
8591,2802,5539,Person_8591,18
8592,2462,3430,Person_8592,38
8593,1585,3911,Person_8593,43
8594,6811,9159,Person_8594,52
8595,6401,2803,Person_8595,73
8596,3112,6733,Person_8596,80
8597,6044,7177,Person_8597,35
8598,8752,7071,Person_8598,27
8599,978,1448,Person_8599,25
8600,4619,305,Person_8600,65
8601,8873,1532,Person_8601,57
8602,5147,7278,Person_8602,63
8603,9648,6234,Person_8603,48
8604,1717,557,Person_8604,52
8605,3204,8838,Person_8605,42
8606,4354,540,Person_8606,64
8607,5205,9071,Person_8607,51
8608,9493,5726,Person_8608,61
8609,9542,5552,Person_8609,70
8610,4856,1550,Person_8610,68
8611,4815,1740,Person_8611,51
8612,1050,9376,Person_8612,32
8613,8056,9477,Person_8613,35
8614,3685,4544,Person_8614,50
8615,6995,9796,Person_8615,59
8616,8297,4239,Person_8616,42
8617,6473,2347,Person_8617,58
8618,4342,3939,Person_8618,47
8619,8367,366,Person_8619,38
8620,2543,4941,Person_8620,62
8621,568,9299,Person_8621,72
8622,2859,5163,Person_8622,53
8623,3484,4300,Person_8623,79
8624,153,8308,Person_8624,52
8625,3895,3780,Person_8625,76
8626,9079,7658,Person_8626,76
8627,3289,4373,Person_8627,43
8628,2787,3543,Person_8628,34
8629,4020,2822,Person_8629,78
8630,4800,4465,Person_8630,31
8631,3860,4507,Person_8631,78
8632,1064,3073,Person_8632,80
8633,4178,1052,Person_8633,30
8634,3150,8682,Person_8634,25
8635,1334,1358,Person_8635,27
8636,7870,849,Person_8636,28
8637,8958,5748,Person_8637,60
8638,7936,2479,Person_8638,31
8639,3648,8398,Person_8639,36
8640,5744,805,Person_8640,22
8641,9155,9364,Person_8641,66
8642,1255,5296,Person_8642,54
8643,5327,5798,Person_8643,20
8644,6752,2802,Person_8644,32
8645,4590,3488,Person_8645,34
8646,4917,6395,Person_8646,73
8647,3525,5743,Person_8647,22
8648,9055,5116,Person_8648,24
8649,7067,7624,Person_8649,74
8650,1412,3682,Person_8650,41
8651,5292,7015,Person_8651,40
8652,2533,5433,Person_8652,70
8653,8008,965,Person_8653,39
8654,7778,9516,Person_8654,43
8655,4614,3789,Person_8655,25
8656,9308,9439,Person_8656,78
8657,8896,5648,Person_8657,71
8658,1443,9159,Person_8658,70
8659,1878,6062,Person_8659,50
8660,5939,563,Person_8660,67
8661,1267,7929,Person_8661,77
8662,6266,9790,Person_8662,76
8663,2120,6707,Person_8663,55
8664,7380,5839,Person_8664,30
8665,7956,3354,Person_8665,40
8666,3267,3520,Person_8666,38
8667,9353,1196,Person_8667,41
8668,2689,3313,Person_8668,20
8669,6093,6360,Person_8669,35
8670,6641,3190,Person_8670,59
8671,3821,6404,Person_8671,29
8672,3970,7939,Person_8672,57
8673,4054,1303,Person_8673,45
8674,4525,5337,Person_8674,66
8675,3824,7718,Person_8675,67
8676,7369,9684,Person_8676,56
8677,8799,2524,Person_8677,74
8678,5661,7484,Person_8678,46
8679,7149,4679,Person_8679,54
8680,6848,5562,Person_8680,27
8681,3234,8280,Person_8681,23
8682,8756,5691,Person_8682,78
8683,3590,891,Person_8683,51
8684,8612,9166,Person_8684,36
8685,672,1296,Person_8685,64
8686,7623,3560,Person_8686,33
8687,9410,6292,Person_8687,43
8688,3759,6443,Person_8688,26
8689,6865,2526,Person_8689,35
8690,5415,4106,Person_8690,79
8691,5316,3635,Person_8691,42
8692,4423,6579,Person_8692,74
8693,961,729,Person_8693,78
8694,3788,4096,Person_8694,63
8695,1591,6501,Person_8695,80
8696,548,1997,Person_8696,68
8697,8237,2029,Person_8697,55
8698,3242,3120,Person_8698,47
8699,1202,5741,Person_8699,79
8700,352,2822,Person_8700,79
8701,5485,8852,Person_8701,40
8702,6932,7242,Person_8702,39
8703,9812,9330,Person_8703,27
8704,2101,641,Person_8704,45
8705,3107,86,Person_8705,73
8706,6217,6536,Person_8706,65
8707,101,9836,Person_8707,31
8708,9623,8797,Person_8708,70
8709,3794,2779,Person_8709,79
8710,4956,5302,Person_8710,33
8711,236,8087,Person_8711,59
8712,2301,9416,Person_8712,61
8713,5027,6965,Person_8713,74
8714,7265,5457,Person_8714,25
8715,6018,9300,Person_8715,21
8716,8371,9074,Person_8716,69
8717,5138,9215,Person_8717,49
8718,983,6007,Person_8718,49
8719,2227,219,Person_8719,43
8720,2563,3400,Person_8720,37
8721,2126,7523,Person_8721,47
8722,6912,3544,Person_8722,46
8723,5583,5160,Person_8723,23
8724,7134,4667,Person_8724,38
8725,235,3664,Person_8725,35
8726,940,3073,Person_8726,35
8727,30,876,Person_8727,66
8728,2064,18,Person_8728,76
8729,9570,566,Person_8729,18
8730,5161,9891,Person_8730,79
8731,3778,3590,Person_8731,35
8732,4633,793,Person_8732,71
8733,7833,5787,Person_8733,20
8734,2972,2356,Person_8734,60
8735,8542,7379,Person_8735,48
8736,8272,7310,Person_8736,58
8737,9575,5064,Person_8737,79
8738,7797,8188,Person_8738,78
8739,4604,824,Person_8739,64
8740,2295,1219,Person_8740,60
8741,5285,7718,Person_8741,24
8742,7252,8356,Person_8742,70
8743,364,6101,Person_8743,57
8744,4476,5982,Person_8744,24
8745,5949,4146,Person_8745,78
8746,3895,6785,Person_8746,33
8747,9503,8477,Person_8747,26
8748,5456,7394,Person_8748,18
8749,6053,334,Person_8749,19
8750,7364,5587,Person_8750,60
