1251,5409,1967,Person_1251,31
1252,3269,2560,Person_1252,49
1253,3867,3676,Person_1253,39
1254,2781,6219,Person_1254,35
1255,2258,9895,Person_1255,69
1256,2216,7733,Person_1256,64
1257,9982,7399,Person_1257,74
1258,1613,3105,Person_1258,34
1259,3552,8610,Person_1259,74
1260,174,9474,Person_1260,36
1261,7087,5132,Person_1261,51
1262,2202,8629,Person_1262,58
1263,4046,7083,Person_1263,49
1264,634,371,Person_1264,54
1265,2105,265,Person_1265,23
1266,7289,3795,Person_1266,44
1267,1748,2405,Person_1267,59
1268,7253,6267,Person_1268,58
1269,9694,246,Person_1269,69
1270,2610,5491,Person_1270,77
1271,9513,1147,Person_1271,42
1272,2050,8131,Person_1272,64
1273,1953,9569,Person_1273,39
1274,4610,3445,Person_1274,42
1275,2274,9570,Person_1275,27
1276,618,973,Person_1276,24
1277,621,905,Person_1277,45
1278,5914,9186,Person_1278,78
1279,3307,8935,Person_1279,45
1280,9976,3001,Person_1280,42
1281,3388,1495,Person_1281,64
1282,6197,1144,Person_1282,36
1283,6869,5498,Person_1283,76
1284,5607,7638,Person_1284,51
1285,9532,1360,Person_1285,60
1286,8952,8209,Person_1286,68
1287,2592,8361,Person_1287,59
1288,8622,7415,Person_1288,32
1289,880,749,Person_1289,80
1290,3717,7491,Person_1290,78
1291,2951,6657,Person_1291,46
1292,8494,2935,Person_1292,54
1293,4594,724,Person_1293,78
1294,6054,9897,Person_1294,30
1295,5724,7927,Person_1295,70
1296,5221,6147,Person_1296,44
1297,2352,1463,Person_1297,27
1298,3606,1581,Person_1298,46
1299,14,9656,Person_1299,78
1300,1747,171,Person_1300,33
1301,5190,6319,Person_1301,40
1302,3424,3996,Person_1302,77
1303,5668,9195,Person_1303,20
1304,6352,7348,Person_1304,62
1305,2899,4789,Person_1305,57
1306,4797,8601,Person_1306,52
1307,9787,4270,Person_1307,62
1308,232,179,Person_1308,55
1309,7969,5271,Person_1309,33
1310,7503,1188,Person_1310,30
1311,2066,583,Person_1311,68
1312,9029,3049,Person_1312,61
1313,7404,3371,Person_1313,30
1314,9403,341,Person_1314,70
1315,420,9613,Person_1315,74
1316,3876,2572,Person_1316,30
1317,6645,4487,Person_1317,51
1318,6065,6664,Person_1318,79
1319,9427,8251,Person_1319,37
1320,5522,8824,Person_1320,60
1321,604,7608,Person_1321,24
1322,9087,8597,Person_1322,78
1323,800,3464,Person_1323,39
1324,9288,4805,Person_1324,67
1325,9090,1765,Person_1325,34
1326,1251,2723,Person_1326,55
1327,5911,5215,Person_1327,59
1328,6299,5802,Person_1328,71
1329,7400,2351,Person_1329,79
1330,1633,6354,Person_1330,37
1331,1184,4188,Person_1331,58
1332,9790,533,Person_1332,62
1333,35,765,Person_1333,18
1334,5592,685,Person_1334,24
1335,4777,2579,Person_1335,25
1336,3776,5226,Person_1336,40
1337,9926,4982,Person_1337,21
1338,6056,1711,Person_1338,76
1339,2083,3429,Person_1339,64
1340,1063,2267,Person_1340,20
1341,6726,4248,Person_1341,32
1342,4568,6464,Person_1342,45
1343,6177,989,Person_1343,44
1344,7261,284,Person_1344,77
1345,5835,4565,Person_1345,79
1346,8882,2122,Person_1346,73
1347,4765,5911,Person_1347,54
1348,2519,5263,Person_1348,42
1349,1489,8803,Person_1349,56
1350,438,1984,Person_1350,75
1351,3689,7435,Person_1351,72
1352,5962,8825,Person_1352,59
1353,7127,2769,Person_1353,20
1354,1651,2527,Person_1354,27
1355,988,1448,Person_1355,49
1356,4011,10000,Person_1356,24
1357,7121,556,Person_1357,66
1358,8376,2839,Person_1358,39
1359,3558,945,Person_1359,18
1360,2092,6039,Person_1360,59
1361,8775,330,Person_1361,20
1362,9289,8219,Person_1362,30
1363,9158,3455,Person_1363,38
1364,6362,5388,Person_1364,57
1365,6741,7053,Person_1365,35
1366,7985,7246,Person_1366,22
1367,6728,6692,Person_1367,26
1368,6085,1244,Person_1368,44
1369,181,6303,Person_1369,43
1370,905,9042,Person_1370,49
1371,1725,4651,Person_1371,30
1372,4332,6584,Person_1372,41
1373,3925,1307,Person_1373,67
1374,5760,1140,Person_1374,49
1375,2542,4419,Person_1375,52
1376,98,3849,Person_1376,56
1377,959,5237,Person_1377,68
1378,1422,3950,Person_1378,49
1379,6331,9291,Person_1379,78
1380,4928,2152,Person_1380,57
1381,5778,4672,Person_1381,34
1382,8116,5308,Person_1382,50
1383,2496,1814,Person_1383,74
1384,9897,4526,Person_1384,75
1385,5610,9248,Person_1385,25
1386,3632,9329,Person_1386,62
1387,6132,8078,Person_1387,21
1388,6201,7924,Person_1388,36
1389,9730,1030,Person_1389,79
1390,1994,8081,Person_1390,30
1391,1520,9246,Person_1391,67
1392,7929,80,Person_1392,19
1393,8849,2114,Person_1393,71
1394,9443,9438,Person_1394,33
1395,9744,2767,Person_1395,56
1396,4693,3357,Person_1396,47
1397,6178,7726,Person_1397,46
1398,8754,9925,Person_1398,18
1399,9558,9947,Person_1399,65
1400,4818,3035,Person_1400,38
1401,4230,578,Person_1401,78
1402,3287,6556,Person_1402,68
1403,3905,8191,Person_1403,31
1404,1094,9561,Person_1404,79
1405,4338,7259,Person_1405,80
1406,5486,8814,Person_1406,61
1407,8311,7676,Person_1407,66
1408,1771,1404,Person_1408,55
1409,3472,7442,Person_1409,50
1410,6237,3659,Person_1410,39
1411,5349,5783,Person_1411,50
1412,5022,7432,Person_1412,36
1413,2773,7601,Person_1413,76
1414,7115,5359,Person_1414,39
1415,3117,6368,Person_1415,37
1416,8779,4231,Person_1416,33
1417,6863,6822,Person_1417,56
1418,3321,59,Person_1418,76
1419,6331,7537,Person_1419,48
1420,6660,3082,Person_1420,79
1421,3824,3156,Person_1421,53
1422,4965,6318,Person_1422,36
1423,1541,4818,Person_1423,49
1424,1675,7001,Person_1424,77
1425,8804,9166,Person_1425,77
1426,5209,4802,Person_1426,20
1427,1050,6946,Person_1427,43
1428,6453,6199,Person_1428,77
1429,4945,7958,Person_1429,54
1430,2335,5901,Person_1430,41
1431,6908,7631,Person_1431,31
1432,7430,4613,Person_1432,52
1433,9665,4727,Person_1433,28
1434,8350,4100,Person_1434,24
1435,8400,1834,Person_1435,62
1436,242,6157,Person_1436,53
1437,3746,5004,Person_1437,71
1438,9596,7258,Person_1438,44
1439,4244,9929,Person_1439,51
1440,2995,1346,Person_1440,30
1441,6075,4223,Person_1441,40
1442,5154,420,Person_1442,72
1443,8751,4897,Person_1443,46
1444,3146,995,Person_1444,72
1445,9387,979,Person_1445,48
1446,8556,8740,Person_1446,39
1447,71,4167,Person_1447,24
1448,2552,7769,Person_1448,79
1449,8283,4098,Person_1449,19
1450,1032,166,Person_1450,69
1451,420,9333,Person_1451,34
1452,9825,6070,Person_1452,49
1453,8560,7114,Person_1453,34
1454,349,6793,Person_1454,56
1455,2682,7263,Person_1455,40
1456,4065,6481,Person_1456,64
1457,5241,6654,Person_1457,57
1458,5094,7075,Person_1458,62
1459,8242,4318,Person_1459,23
1460,6234,2859,Person_1460,31
1461,316,2817,Person_1461,59
1462,96,5259,Person_1462,63
1463,7320,6004,Person_1463,29
1464,4464,2674,Person_1464,40
1465,7891,9155,Person_1465,72
1466,6586,8818,Person_1466,21
1467,9389,4695,Person_1467,36
1468,2300,786,Person_1468,77
1469,1380,5291,Person_1469,31
1470,7878,547,Person_1470,18
1471,4615,4560,Person_1471,40
1472,9283,3599,Person_1472,67
1473,5304,8720,Person_1473,31
1474,7624,3562,Person_1474,34
1475,7188,93,Person_1475,59
1476,5623,1590,Person_1476,80
1477,394,1726,Person_1477,73
1478,2916,8960,Person_1478,75
1479,3337,2515,Person_1479,42
1480,7170,9073,Person_1480,46
1481,2314,3415,Person_1481,37
1482,1966,4367,Person_1482,76
1483,9601,765,Person_1483,77
1484,7086,5464,Person_1484,67
1485,5157,8364,Person_1485,25
1486,185,311,Person_1486,55
1487,8910,7926,Person_1487,24
1488,2500,5484,Person_1488,66
1489,4571,4178,Person_1489,67
1490,785,4987,Person_1490,31
1491,2581,6687,Person_1491,50
1492,8874,8833,Person_1492,61
1493,8286,2245,Person_1493,38
1494,5275,4818,Person_1494,23
1495,344,2767,Person_1495,40
1496,5608,2871,Person_1496,79
1497,7462,5,Person_1497,52
1498,4025,7592,Person_1498,64
1499,6572,8335,Person_1499,72
1500,2347,1700,Person_1500,38
1501,8948,5943,Person_1501,47
1502,2247,9305,Person_1502,67
1503,2971,4435,Person_1503,54
1504,1525,591,Person_1504,23
1505,1456,3960,Person_1505,71
1506,5209,431,Person_1506,73
1507,2541,8640,Person_1507,27
1508,624,2483,Person_1508,71
1509,4407,8509,Person_1509,51
1510,3178,5065,Person_1510,26
1511,406,2384,Person_1511,78
1512,7644,4442,Person_1512,76
1513,3659,2203,Person_1513,79
1514,8978,7753,Person_1514,68
1515,1890,2329,Person_1515,65
1516,9382,4055,Person_1516,22
1517,7454,8059,Person_1517,19
1518,4480,5671,Person_1518,42
1519,5614,1435,Person_1519,46
1520,2442,7527,Person_1520,47
1521,2706,9386,Person_1521,43
1522,3732,8790,Person_1522,79
1523,3940,2487,Person_1523,64
1524,3772,7564,Person_1524,58
1525,6161,2601,Person_1525,73
1526,8116,3104,Person_1526,74
1527,6447,6054,Person_1527,30
1528,2343,886,Person_1528,80
1529,3822,5253,Person_1529,56
1530,3894,9441,Person_1530,22
1531,1423,1901,Person_1531,45
1532,9094,4409,Person_1532,46
1533,641,8156,Person_1533,59
1534,522,2202,Person_1534,50
1535,7063,5887,Person_1535,54
1536,9140,1687,Person_1536,36
1537,3954,361,Person_1537,67
1538,3470,3596,Person_1538,41
1539,4167,2583,Person_1539,65
1540,1420,8776,Person_1540,58
1541,5348,7799,Person_1541,49
1542,1674,6850,Person_1542,57
1543,2120,6467,Person_1543,37
1544,9176,4962,Person_1544,61
1545,6233,8787,Person_1545,71
1546,6085,3093,Person_1546,61
1547,8822,7899,Person_1547,28
1548,7719,2085,Person_1548,72
1549,735,8487,Person_1549,72
1550,3889,1061,Person_1550,68
1551,9004,1501,Person_1551,40
1552,9167,494,Person_1552,67
1553,7605,6968,Person_1553,25
1554,9040,47,Person_1554,65
1555,5603,4314,Person_1555,46
1556,358,9491,Person_1556,41
1557,3021,7866,Person_1557,75
1558,7080,9534,Person_1558,61
1559,8905,566,Person_1559,45
1560,7331,3493,Person_1560,18
1561,5681,6724,Person_1561,36
1562,246,7237,Person_1562,60
1563,9742,5740,Person_1563,32
1564,1462,6962,Person_1564,21
1565,8629,7239,Person_1565,30
1566,8094,8725,Person_1566,29
1567,1800,2497,Person_1567,75
1568,2270,4099,Person_1568,33
1569,5257,6012,Person_1569,79
1570,9373,9068,Person_1570,23
1571,9469,4475,Person_1571,27
1572,9136,3166,Person_1572,38
1573,4968,8574,Person_1573,25
1574,5831,4606,Person_1574,67
1575,2576,1313,Person_1575,32
1576,5961,6070,Person_1576,34
1577,5727,1732,Person_1577,44
1578,3627,7094,Person_1578,60
1579,8838,1520,Person_1579,39
1580,5696,9653,Person_1580,75
1581,3390,6462,Person_1581,36
1582,2429,1952,Person_1582,66
1583,1929,8424,Person_1583,38
1584,9372,7049,Person_1584,55
1585,664,5125,Person_1585,77
1586,2638,9675,Person_1586,69
1587,1973,9564,Person_1587,59
1588,7101,531,Person_1588,65
1589,5686,9622,Person_1589,24
1590,1575,5503,Person_1590,69
1591,2581,4207,Person_1591,71
1592,313,298,Person_1592,78
1593,6494,1478,Person_1593,28
1594,1049,8189,Person_1594,25
1595,3722,9416,Person_1595,37
1596,3320,4850,Person_1596,19
1597,8977,1330,Person_1597,76
1598,6425,574,Person_1598,25
1599,8391,7445,Person_1599,33
1600,3041,7302,Person_1600,58
1601,7196,9176,Person_1601,51
1602,243,365,Person_1602,27
1603,3895,1029,Person_1603,33
1604,2644,2206,Person_1604,47
1605,9724,4792,Person_1605,26
1606,2623,3340,Person_1606,20
1607,579,4106,Person_1607,19
1608,6168,9379,Person_1608,53
1609,2488,3200,Person_1609,18
1610,3786,6273,Person_1610,50
1611,8926,3593,Person_1611,46
1612,2887,5837,Person_1612,80
1613,4362,1502,Person_1613,56
1614,5885,3627,Person_1614,19
1615,7140,7987,Person_1615,67
1616,1386,6822,Person_1616,67
1617,3804,7386,Person_1617,75
1618,1371,3645,Person_1618,56
1619,8922,1942,Person_1619,72
1620,1719,6380,Person_1620,34
1621,3678,2583,Person_1621,62
1622,2897,7311,Person_1622,39
1623,6373,3845,Person_1623,41
1624,6644,6596,Person_1624,33
1625,9624,3317,Person_1625,32
1626,8168,6167,Person_1626,43
1627,9912,888,Person_1627,47
1628,7756,4394,Person_1628,34
1629,9436,4163,Person_1629,38
1630,5310,1483,Person_1630,64
1631,3189,7434,Person_1631,28
1632,4264,2153,Person_1632,30
1633,7870,7857,Person_1633,54
1634,5457,3720,Person_1634,79
1635,294,3954,Person_1635,48
1636,9582,2590,Person_1636,33
1637,5864,4567,Person_1637,53
1638,8290,104,Person_1638,77
1639,7535,8208,Person_1639,69
1640,1376,2550,Person_1640,44
1641,1699,1662,Person_1641,52
1642,1657,6098,Person_1642,67
1643,5707,897,Person_1643,29
1644,1856,4913,Person_1644,51
1645,1758,963,Person_1645,50
1646,1275,7653,Person_1646,68
1647,1534,1615,Person_1647,19
1648,5399,6618,Person_1648,73
1649,1657,1212,Person_1649,80
1650,5088,9590,Person_1650,72
1651,1926,6811,Person_1651,25
1652,7159,2458,Person_1652,28
1653,9667,5927,Person_1653,19
1654,8734,9606,Person_1654,70
1655,450,9186,Person_1655,69
1656,5877,735,Person_1656,73
1657,2854,2217,Person_1657,62
1658,1714,2149,Person_1658,21
1659,4178,7770,Person_1659,20
1660,802,4399,Person_1660,47
1661,2550,8148,Person_1661,73
1662,4365,1122,Person_1662,65
1663,6893,7608,Person_1663,55
1664,4219,7448,Person_1664,75
1665,5901,9419,Person_1665,63
1666,5145,7985,Person_1666,57
1667,2879,9957,Person_1667,18
1668,6934,7224,Person_1668,34
1669,8932,1664,Person_1669,46
1670,4660,5675,Person_1670,35
1671,3158,4384,Person_1671,73
1672,2059,8999,Person_1672,43
1673,7821,7364,Person_1673,29
1674,273,1571,Person_1674,64
1675,7935,3914,Person_1675,39
1676,8255,2542,Person_1676,70
1677,8214,601,Person_1677,51
1678,3966,5568,Person_1678,76
1679,7983,9249,Person_1679,54
1680,105,5953,Person_1680,75
1681,9467,8379,Person_1681,70
1682,1655,1515,Person_1682,43
1683,9011,2199,Person_1683,77
1684,5892,53,Person_1684,45
1685,3134,7513,Person_1685,19
1686,7156,8857,Person_1686,77
1687,5195,3299,Person_1687,37
1688,5195,7549,Person_1688,53
1689,8688,2845,Person_1689,34
1690,9808,4230,Person_1690,70
1691,3701,149,Person_1691,41
1692,6905,5169,Person_1692,80
1693,9027,3362,Person_1693,47
1694,1033,1192,Person_1694,34
1695,5775,752,Person_1695,31
1696,7026,952,Person_1696,40
1697,3384,6950,Person_1697,39
1698,4416,487,Person_1698,28
1699,2023,4062,Person_1699,44
1700,4130,7258,Person_1700,28
1701,3128,6535,Person_1701,80
1702,5907,1741,Person_1702,22
1703,3566,7926,Person_1703,65
1704,2730,7618,Person_1704,37
1705,8493,8078,Person_1705,51
1706,9116,8709,Person_1706,35
1707,1171,1445,Person_1707,51
1708,9752,6526,Person_1708,78
1709,1954,2972,Person_1709,75
1710,1444,8818,Person_1710,37
1711,243,4314,Person_1711,41
1712,7330,1873,Person_1712,39
1713,2912,7755,Person_1713,61
1714,6297,631,Person_1714,73
1715,7109,5720,Person_1715,44
1716,4428,8773,Person_1716,54
1717,2733,3776,Person_1717,36
1718,5434,2518,Person_1718,45
1719,6044,7488,Person_1719,68
1720,8319,3406,Person_1720,52
1721,6033,6965,Person_1721,55
1722,2956,2949,Person_1722,60
1723,3247,5690,Person_1723,24
1724,114,7126,Person_1724,28
1725,4364,8055,Person_1725,28
1726,6729,7869,Person_1726,75
1727,3816,1381,Person_1727,20
1728,2507,5487,Person_1728,45
1729,6008,6242,Person_1729,66
1730,1392,6412,Person_1730,36
1731,9269,9014,Person_1731,50
1732,2207,8578,Person_1732,24
1733,7337,7475,Person_1733,75
1734,3686,3320,Person_1734,36
1735,9230,9893,Person_1735,22
1736,4467,8,Person_1736,29
1737,2579,9428,Person_1737,64
1738,2260,179,Person_1738,40
1739,8249,2868,Person_1739,38
1740,379,2027,Person_1740,58
1741,7348,1077,Person_1741,45
1742,2447,6425,Person_1742,37
1743,8942,4788,Person_1743,53
1744,4202,2305,Person_1744,25
1745,4521,8011,Person_1745,63
1746,6046,7516,Person_1746,72
1747,4352,4338,Person_1747,63
1748,9785,5307,Person_1748,18
1749,7626,4294,Person_1749,41
1750,8374,2355,Person_1750,69
1751,1426,4966,Person_1751,37
1752,9488,9253,Person_1752,22
1753,6335,7180,Person_1753,61
1754,2086,2184,Person_1754,62
1755,5637,1832,Person_1755,56
1756,2922,3723,Person_1756,79
1757,6640,9792,Person_1757,41
1758,9078,3869,Person_1758,67
1759,9957,17,Person_1759,26
1760,7016,7061,Person_1760,64
1761,7079,8206,Person_1761,45
1762,4133,3653,Person_1762,52
1763,9979,5954,Person_1763,78
1764,8237,9042,Person_1764,49
1765,8892,5035,Person_1765,18
1766,8628,3468,Person_1766,29
1767,298,8837,Person_1767,52
1768,7456,621,Person_1768,54
1769,956,7455,Person_1769,38
1770,6978,7475,Person_1770,46
1771,8881,389,Person_1771,78
1772,3640,3290,Person_1772,77
1773,7115,4943,Person_1773,50
1774,6040,4378,Person_1774,66
1775,1335,3787,Person_1775,32
1776,4152,7883,Person_1776,33
1777,445,8558,Person_1777,52
1778,6013,9271,Person_1778,29
1779,9833,1188,Person_1779,28
1780,4830,1668,Person_1780,71
1781,6654,3158,Person_1781,26
1782,7780,6065,Person_1782,22
1783,460,5217,Person_1783,69
1784,747,1751,Person_1784,44
1785,2899,7699,Person_1785,69
1786,7982,1871,Person_1786,57
1787,6078,6800,Person_1787,53
1788,1182,5751,Person_1788,55
1789,8893,6640,Person_1789,58
1790,41,1702,Person_1790,60
1791,1876,6853,Person_1791,24
1792,4759,4004,Person_1792,21
1793,7757,8415,Person_1793,61
1794,656,8373,Person_1794,73
1795,2976,5509,Person_1795,36
1796,2483,7051,Person_1796,34
1797,4249,9332,Person_1797,78
1798,9693,659,Person_1798,22
1799,1857,9570,Person_1799,61
1800,8520,4753,Person_1800,26
1801,8139,4723,Person_1801,21
1802,3009,8462,Person_1802,18
1803,475,7203,Person_1803,49
1804,9168,9052,Person_1804,44
1805,5105,2063,Person_1805,25
1806,1142,9808,Person_1806,32
1807,2875,491,Person_1807,73
1808,2821,1568,Person_1808,48
1809,5060,9688,Person_1809,20
1810,817,4526,Person_1810,42
1811,6649,2475,Person_1811,33
1812,2918,7662,Person_1812,24
1813,114,207,Person_1813,45
1814,938,4707,Person_1814,59
1815,7680,8085,Person_1815,60
1816,195,508,Person_1816,37
1817,567,3473,Person_1817,61
1818,8093,445,Person_1818,26
1819,5331,354,Person_1819,59
1820,2546,528,Person_1820,37
1821,7443,7762,Person_1821,80
1822,7714,4813,Person_1822,38
1823,9910,7848,Person_1823,77
1824,4164,7075,Person_1824,56
1825,7860,7865,Person_1825,33
1826,1560,3439,Person_1826,51
1827,8465,6378,Person_1827,70
1828,3730,6504,Person_1828,36
1829,7600,488,Person_1829,35
1830,4189,5391,Person_1830,70
1831,3110,834,Person_1831,34
1832,3065,2452,Person_1832,66
1833,3753,6684,Person_1833,70
1834,6235,9628,Person_1834,66
1835,9316,6036,Person_1835,22
1836,2271,3765,Person_1836,52
1837,1382,7647,Person_1837,35
1838,4206,5442,Person_1838,23
1839,8917,6086,Person_1839,66
1840,7945,2861,Person_1840,46
1841,373,3593,Person_1841,27
1842,2217,7341,Person_1842,22
1843,2231,5021,Person_1843,77
1844,8080,9103,Person_1844,67
1845,5178,9372,Person_1845,79
1846,4804,1100,Person_1846,18
1847,8193,4706,Person_1847,19
1848,7620,333,Person_1848,35
1849,4566,2291,Person_1849,47
1850,8832,738,Person_1850,79
1851,552,8248,Person_1851,61
1852,4925,1645,Person_1852,52
1853,4407,4072,Person_1853,50
1854,5551,9411,Person_1854,49
1855,726,6489,Person_1855,67
1856,7074,7158,Person_1856,32
1857,1568,2274,Person_1857,61
1858,9408,5799,Person_1858,28
1859,711,9802,Person_1859,49
1860,3761,1454,Person_1860,30
1861,6371,8064,Person_1861,61
1862,4003,4613,Person_1862,49
1863,2096,8778,Person_1863,49
1864,7111,4484,Person_1864,44
1865,6032,9128,Person_1865,25
1866,1950,1844,Person_1866,54
1867,692,936,Person_1867,62
1868,1789,4802,Person_1868,80
1869,9863,9418,Person_1869,50
1870,1105,6236,Person_1870,53
1871,833,4545,Person_1871,47
1872,2756,5296,Person_1872,51
1873,1864,2058,Person_1873,58
1874,5630,5585,Person_1874,64
1875,6501,8500,Person_1875,71
1876,3224,5341,Person_1876,27
1877,9825,6525,Person_1877,76
1878,2642,1341,Person_1878,21
1879,9207,1080,Person_1879,61
1880,7493,8723,Person_1880,36
1881,385,1383,Person_1881,32
1882,7961,3619,Person_1882,20
1883,1974,6510,Person_1883,40
1884,1432,87,Person_1884,66
1885,4286,2532,Person_1885,54
1886,8511,8694,Person_1886,35
1887,6761,2211,Person_1887,72
1888,1732,7097,Person_1888,28
1889,7594,3598,Person_1889,62
1890,992,4190,Person_1890,69
1891,3646,1451,Person_1891,41
1892,8201,5900,Person_1892,77
1893,6441,8644,Person_1893,61
1894,8503,5816,Person_1894,41
1895,8104,7511,Person_1895,64
1896,7458,2538,Person_1896,59
1897,351,1363,Person_1897,59
1898,4530,5652,Person_1898,79
1899,4262,7827,Person_1899,30
1900,332,9992,Person_1900,44
1901,2433,2921,Person_1901,67
1902,1126,9490,Person_1902,30
1903,8588,8019,Person_1903,39
1904,5777,2492,Person_1904,80
1905,1704,427,Person_1905,22
1906,7418,7162,Person_1906,42
1907,884,2882,Person_1907,27
1908,4167,7082,Person_1908,29
1909,4312,8846,Person_1909,26
1910,6153,1564,Person_1910,76
1911,3406,6222,Person_1911,76
1912,2226,7101,Person_1912,64
1913,7303,4275,Person_1913,60
1914,496,7223,Person_1914,52
1915,4198,6555,Person_1915,52
1916,5380,1492,Person_1916,69
1917,2794,3516,Person_1917,60
1918,1773,6870,Person_1918,49
1919,3875,8251,Person_1919,74
1920,485,255,Person_1920,64
1921,2605,2094,Person_1921,23
1922,8043,7289,Person_1922,65
1923,1549,459,Person_1923,69
1924,4955,2220,Person_1924,57
1925,2753,5083,Person_1925,29
1926,34,5914,Person_1926,18
1927,5156,8851,Person_1927,80
1928,3287,1916,Person_1928,33
1929,9446,3463,Person_1929,43
1930,8786,8927,Person_1930,60
1931,8550,3949,Person_1931,46
1932,1211,682,Person_1932,30
1933,4042,5956,Person_1933,73
1934,3706,6345,Person_1934,48
1935,2008,2324,Person_1935,58
1936,5287,8489,Person_1936,18
1937,782,7888,Person_1937,39
1938,6559,7151,Person_1938,48
1939,6782,2594,Person_1939,25
1940,3949,2927,Person_1940,48
1941,4392,7051,Person_1941,70
1942,3779,327,Person_1942,38
1943,8060,4976,Person_1943,55
1944,2389,7186,Person_1944,45
1945,9627,1763,Person_1945,67
1946,9714,9805,Person_1946,35
1947,6608,6265,Person_1947,71
1948,7809,8864,Person_1948,43
1949,8609,8020,Person_1949,76
1950,4237,122,Person_1950,52
1951,6271,2341,Person_1951,63
1952,4928,5993,Person_1952,39
1953,5358,4945,Person_1953,30
1954,9504,9551,Person_1954,52
1955,6653,5369,Person_1955,23
1956,1032,2844,Person_1956,39
1957,9488,3319,Person_1957,32
1958,9193,6866,Person_1958,76
1959,1947,4392,Person_1959,55
1960,640,8248,Person_1960,26
1961,1487,3516,Person_1961,71
1962,7899,3677,Person_1962,38
1963,7335,7156,Person_1963,38
1964,8267,6544,Person_1964,78
1965,3817,1505,Person_1965,25
1966,4015,61,Person_1966,65
1967,2585,582,Person_1967,70
1968,4198,563,Person_1968,75
1969,6818,5502,Person_1969,49
1970,661,2318,Person_1970,26
1971,8489,3468,Person_1971,61
1972,4305,1321,Person_1972,48
1973,1762,8592,Person_1973,64
1974,252,1930,Person_1974,20
1975,5538,4887,Person_1975,25
1976,2629,4665,Person_1976,56
1977,4386,7441,Person_1977,59
1978,464,4524,Person_1978,54
1979,7574,1259,Person_1979,38
1980,58,5919,Person_1980,77
1981,9802,2317,Person_1981,49
1982,5516,6728,Person_1982,72
1983,5060,3687,Person_1983,71
1984,1886,7174,Person_1984,35
1985,8197,7341,Person_1985,25
1986,8648,5287,Person_1986,70
1987,1278,8076,Person_1987,18
1988,7958,2090,Person_1988,24
1989,144,4245,Person_1989,68
1990,1145,7848,Person_1990,72
1991,2405,2204,Person_1991,33
1992,8942,3978,Person_1992,71
1993,3520,9561,Person_1993,18
1994,8107,2534,Person_1994,59
1995,7520,9973,Person_1995,24
1996,8903,8157,Person_1996,72
1997,7384,8976,Person_1997,54
1998,7539,1045,Person_1998,25
1999,6089,9259,Person_1999,70
2000,4055,5494,Person_2000,46
2001,159,2482,Person_2001,74
2002,6062,1356,Person_2002,31
2003,7691,472,Person_2003,72
2004,9561,4742,Person_2004,48
2005,1486,1284,Person_2005,74
2006,737,6016,Person_2006,36
2007,2651,9775,Person_2007,24
2008,6971,4992,Person_2008,49
2009,6317,3112,Person_2009,70
2010,1404,7017,Person_2010,38
2011,9057,1651,Person_2011,27
2012,8626,1630,Person_2012,67
2013,8832,4781,Person_2013,65
2014,6395,1408,Person_2014,54
2015,2859,6294,Person_2015,47
2016,9873,9262,Person_2016,80
2017,7788,1178,Person_2017,42
2018,9062,9299,Person_2018,66
2019,4961,776,Person_2019,26
2020,1348,5504,Person_2020,22
2021,5259,8732,Person_2021,59
2022,8281,8065,Person_2022,35
2023,1160,7479,Person_2023,21
2024,1421,815,Person_2024,68
2025,898,1460,Person_2025,28
2026,1107,8124,Person_2026,54
2027,67,6392,Person_2027,58
2028,5970,2491,Person_2028,34
2029,8862,3274,Person_2029,19
2030,4128,6245,Person_2030,32
2031,744,649,Person_2031,77
2032,7732,70,Person_2032,79
2033,4009,9091,Person_2033,44
2034,5015,8628,Person_2034,70
2035,9318,3669,Person_2035,39
2036,3891,1182,Person_2036,42
2037,4668,4210,Person_2037,32
2038,950,5892,Person_2038,35
2039,4073,5763,Person_2039,36
2040,7547,3316,Person_2040,48
2041,4828,5701,Person_2041,50
2042,9946,4342,Person_2042,39
2043,6490,4075,Person_2043,41
2044,7089,2388,Person_2044,57
2045,4209,6039,Person_2045,63
2046,2300,93,Person_2046,27
2047,3586,3063,Person_2047,32
2048,8170,1475,Person_2048,22
2049,1891,144,Person_2049,51
2050,8218,3270,Person_2050,68
2051,9907,9217,Person_2051,27
2052,2613,9183,Person_2052,51
2053,2505,2972,Person_2053,23
2054,8820,7964,Person_2054,22
2055,9832,4616,Person_2055,34
2056,1394,7293,Person_2056,31
2057,7861,6342,Person_2057,56
2058,9364,2913,Person_2058,36
2059,9203,7816,Person_2059,69
2060,7417,2109,Person_2060,61
2061,6920,9341,Person_2061,41
2062,1500,8006,Person_2062,35
2063,5115,9902,Person_2063,75
2064,4106,9622,Person_2064,67
2065,9089,8116,Person_2065,30
2066,9807,6126,Person_2066,62
2067,8879,4259,Person_2067,64
2068,1054,8603,Person_2068,72
2069,988,7163,Person_2069,63
2070,4254,5337,Person_2070,71
2071,8353,3883,Person_2071,31
2072,4972,9777,Person_2072,50
2073,2933,1,Person_2073,76
2074,9217,6684,Person_2074,74
2075,5650,6237,Person_2075,48
2076,879,459,Person_2076,35
2077,4796,2167,Person_2077,25
2078,4560,5964,Person_2078,26
2079,846,522,Person_2079,51
2080,5170,6013,Person_2080,50
2081,9827,8164,Person_2081,29
2082,5511,4479,Person_2082,47
2083,9301,6308,Person_2083,54
2084,4473,9603,Person_2084,56
2085,18,3433,Person_2085,68
2086,9654,6970,Person_2086,43
2087,7783,9316,Person_2087,75
2088,1811,5125,Person_2088,74
2089,2980,1029,Person_2089,23
2090,9101,1950,Person_2090,44
2091,6848,9092,Person_2091,76
2092,3423,7447,Person_2092,58
2093,1891,2011,Person_2093,29
2094,4863,8425,Person_2094,31
2095,4431,5509,Person_2095,60
2096,6114,4183,Person_2096,55
2097,7745,988,Person_2097,69
2098,832,7813,Person_2098,53
2099,856,7301,Person_2099,32
2100,3406,452,Person_2100,66
2101,9502,5503,Person_2101,49
2102,7913,6276,Person_2102,40
2103,1911,2317,Person_2103,38
2104,7028,3973,Person_2104,28
2105,4807,5975,Person_2105,51
2106,4566,1994,Person_2106,68
2107,5955,5816,Person_2107,60
2108,9358,5310,Person_2108,68
2109,9903,8931,Person_2109,22
2110,3040,3974,Person_2110,54
2111,695,6715,Person_2111,23
2112,157,4512,Person_2112,72
2113,4016,3223,Person_2113,38
2114,3898,3420,Person_2114,46
2115,8341,1245,Person_2115,25
2116,3500,4811,Person_2116,61
2117,1354,9970,Person_2117,47
2118,9523,9033,Person_2118,56
2119,2786,3327,Person_2119,35
2120,2745,5527,Person_2120,18
2121,1113,4288,Person_2121,71
2122,4263,8813,Person_2122,25
2123,3427,6126,Person_2123,70
2124,7583,9117,Person_2124,28
2125,4105,6596,Person_2125,57
2126,8522,5675,Person_2126,47
2127,2618,9674,Person_2127,21
2128,2846,2216,Person_2128,28
2129,824,6386,Person_2129,34
2130,2335,7104,Person_2130,37
2131,9042,5772,Person_2131,59
2132,5180,3350,Person_2132,61
2133,9235,142,Person_2133,77
2134,4466,3642,Person_2134,54
2135,2819,6683,Person_2135,75
2136,3794,5232,Person_2136,38
2137,5562,3006,Person_2137,20
2138,7602,6703,Person_2138,77
2139,3762,9456,Person_2139,74
2140,1290,7527,Person_2140,28
2141,7351,9017,Person_2141,67
2142,2231,525,Person_2142,30
2143,1243,2118,Person_2143,31
2144,357,253,Person_2144,32
2145,4581,7677,Person_2145,53
2146,7960,1775,Person_2146,20
2147,1646,7844,Person_2147,56
2148,1319,9770,Person_2148,41
2149,4416,1518,Person_2149,23
2150,1327,8295,Person_2150,33
2151,612,8933,Person_2151,77
2152,2938,818,Person_2152,46
2153,1323,1311,Person_2153,74
2154,5110,65,Person_2154,37
2155,1792,8325,Person_2155,56
2156,1385,1160,Person_2156,48
2157,4428,2814,Person_2157,44
2158,3765,5846,Person_2158,64
2159,2265,9846,Person_2159,56
2160,177,1239,Person_2160,35
2161,4203,5886,Person_2161,64
2162,1076,5081,Person_2162,23
2163,7127,5424,Person_2163,54
2164,3153,9048,Person_2164,19
2165,1967,12,Person_2165,35
2166,2900,2969,Person_2166,79
2167,4530,8142,Person_2167,43
2168,8959,86,Person_2168,46
2169,8267,5082,Person_2169,26
2170,8177,7604,Person_2170,56
2171,8536,5912,Person_2171,61
2172,7220,5701,Person_2172,38
2173,5498,9038,Person_2173,72
2174,9122,3625,Person_2174,28
2175,9715,5883,Person_2175,36
2176,1302,8540,Person_2176,62
2177,8156,1874,Person_2177,26
2178,5011,9448,Person_2178,62
2179,4375,7866,Person_2179,60
2180,9252,8321,Person_2180,44
2181,7179,2754,Person_2181,51
2182,130,523,Person_2182,19
2183,3067,4496,Person_2183,48
2184,151,9810,Person_2184,24
2185,9427,3072,Person_2185,42
2186,4871,4980,Person_2186,27
2187,6239,5644,Person_2187,54
2188,8934,2531,Person_2188,36
2189,8849,8630,Person_2189,72
2190,7790,685,Person_2190,37
2191,2971,4297,Person_2191,64
2192,8902,8173,Person_2192,35
2193,501,7285,Person_2193,35
2194,8920,4221,Person_2194,31
2195,2116,8213,Person_2195,72
2196,2625,1422,Person_2196,62
2197,9669,576,Person_2197,55
2198,1337,9609,Person_2198,66
2199,4225,2197,Person_2199,39
2200,6238,5666,Person_2200,71
2201,766,294,Person_2201,63
2202,6637,4433,Person_2202,21
2203,4206,8284,Person_2203,75
2204,637,2458,Person_2204,72
2205,8937,4284,Person_2205,56
2206,4621,9406,Person_2206,67
2207,4143,4701,Person_2207,61
2208,1142,5154,Person_2208,63
2209,1557,1999,Person_2209,39
2210,2276,5879,Person_2210,66
2211,4421,3503,Person_2211,27
2212,8566,7416,Person_2212,60
2213,8526,8907,Person_2213,74
2214,614,4409,Person_2214,57
2215,8314,7591,Person_2215,37
2216,3232,3231,Person_2216,56
2217,9529,7085,Person_2217,63
2218,831,1184,Person_2218,43
2219,4085,2323,Person_2219,32
2220,7314,7311,Person_2220,24
2221,5135,1206,Person_2221,45
2222,1447,8418,Person_2222,77
2223,4625,1103,Person_2223,77
2224,7767,5469,Person_2224,80
2225,2425,9684,Person_2225,29
2226,4103,4505,Person_2226,77
2227,9937,5659,Person_2227,50
2228,6648,2436,Person_2228,34
2229,3929,5904,Person_2229,74
2230,6265,6326,Person_2230,23
2231,4748,7437,Person_2231,62
2232,4472,5418,Person_2232,30
2233,6239,2950,Person_2233,23
2234,3999,497,Person_2234,54
2235,827,3112,Person_2235,29
2236,3501,1471,Person_2236,22
2237,1327,8947,Person_2237,39
2238,1482,2434,Person_2238,43
2239,4346,1965,Person_2239,38
2240,5211,8271,Person_2240,79
2241,6550,4828,Person_2241,57
2242,7302,2774,Person_2242,26
2243,2871,5979,Person_2243,51
2244,5290,650,Person_2244,69
2245,2218,7894,Person_2245,37
2246,9351,5736,Person_2246,53
2247,6892,2591,Person_2247,62
2248,4350,7344,Person_2248,50
2249,1285,5220,Person_2249,22
2250,4810,1651,Person_2250,79
2251,3863,4883,Person_2251,76
2252,9590,6707,Person_2252,61
2253,5223,1774,Person_2253,48
2254,2155,1587,Person_2254,48
2255,9315,3548,Person_2255,34
2256,1588,7293,Person_2256,25
2257,6931,9216,Person_2257,43
2258,9352,665,Person_2258,26
2259,6183,6561,Person_2259,57
2260,5403,4378,Person_2260,30
2261,4069,8297,Person_2261,33
2262,8375,5597,Person_2262,56
2263,1271,2622,Person_2263,63
2264,7267,8759,Person_2264,26
2265,2850,5736,Person_2265,51
2266,799,3612,Person_2266,24
2267,2847,3033,Person_2267,30
2268,9568,4448,Person_2268,70
2269,2869,2333,Person_2269,70
2270,2031,6581,Person_2270,20
2271,7178,9966,Person_2271,18
2272,9533,8917,Person_2272,28
2273,2943,7875,Person_2273,19
2274,6492,713,Person_2274,70
2275,1952,9654,Person_2275,47
2276,8092,6612,Person_2276,53
2277,2251,5242,Person_2277,46
2278,3373,6284,Person_2278,34
2279,3758,1317,Person_2279,49
2280,9357,144,Person_2280,60
2281,9786,3374,Person_2281,27
2282,8525,3321,Person_2282,54
2283,6396,7557,Person_2283,51
2284,2296,5588,Person_2284,66
2285,2168,1352,Person_2285,29
2286,2979,7581,Person_2286,72
2287,1918,5831,Person_2287,77
2288,1759,403,Person_2288,62
2289,4149,807,Person_2289,43
2290,2637,2753,Person_2290,37
2291,9905,3905,Person_2291,23
2292,3693,1811,Person_2292,79
2293,7838,323,Person_2293,75
2294,9998,3769,Person_2294,63
2295,6816,5199,Person_2295,27
2296,2712,1048,Person_2296,77
2297,6625,1968,Person_2297,40
2298,2842,3303,Person_2298,35
2299,9182,7767,Person_2299,61
2300,4024,7624,Person_2300,24
2301,9667,4671,Person_2301,23
2302,3975,7725,Person_2302,62
2303,4912,9079,Person_2303,58
2304,6109,355,Person_2304,43
2305,4479,8277,Person_2305,19
2306,2868,3898,Person_2306,35
2307,8622,3380,Person_2307,71
2308,2836,739,Person_2308,72
2309,5205,4839,Person_2309,79
2310,4627,5400,Person_2310,49
2311,6438,7195,Person_2311,65
2312,8025,695,Person_2312,70
2313,231,5411,Person_2313,72
2314,803,6754,Person_2314,57
2315,7367,8105,Person_2315,18
2316,2310,5222,Person_2316,74
2317,2230,6659,Person_2317,30
2318,553,7442,Person_2318,45
2319,2378,7301,Person_2319,31
2320,5098,2705,Person_2320,67
2321,5677,8253,Person_2321,75
2322,2313,2310,Person_2322,60
2323,387,7213,Person_2323,21
2324,652,6029,Person_2324,47
2325,5968,2690,Person_2325,43
2326,9467,7405,Person_2326,60
2327,4902,1380,Person_2327,42
2328,4329,5530,Person_2328,80
2329,8209,3833,Person_2329,36
2330,1584,3476,Person_2330,70
2331,4758,390,Person_2331,80
2332,789,4797,Person_2332,43
2333,3368,9604,Person_2333,25
2334,7075,5221,Person_2334,40
2335,6088,1100,Person_2335,66
2336,4989,16,Person_2336,22
2337,8176,851,Person_2337,34
2338,7978,1217,Person_2338,51
2339,9966,6113,Person_2339,31
2340,1483,9186,Person_2340,25
2341,8421,8204,Person_2341,79
2342,7153,2720,Person_2342,40
2343,3532,1025,Person_2343,47
2344,5256,3439,Person_2344,70
2345,4811,3835,Person_2345,57
2346,3471,4765,Person_2346,65
2347,1096,9690,Person_2347,62
2348,1253,3298,Person_2348,38
2349,8889,1547,Person_2349,28
2350,7384,139,Person_2350,72
2351,1377,4705,Person_2351,68
2352,2928,565,Person_2352,60
2353,7347,6541,Person_2353,20
2354,9737,3482,Person_2354,73
2355,6717,7741,Person_2355,46
2356,837,2706,Person_2356,53
2357,8510,9832,Person_2357,64
2358,5543,8789,Person_2358,44
2359,8781,6573,Person_2359,44
2360,8106,8491,Person_2360,48
2361,4592,3143,Person_2361,61
2362,8504,6738,Person_2362,18
2363,9470,1013,Person_2363,49
2364,4829,7439,Person_2364,20
2365,6873,4273,Person_2365,28
2366,5189,6142,Person_2366,27
2367,2254,7002,Person_2367,62
2368,2069,8040,Person_2368,27
2369,2343,3118,Person_2369,40
2370,2829,7193,Person_2370,46
2371,2182,6513,Person_2371,48
2372,4323,9493,Person_2372,73
2373,6468,4245,Person_2373,26
2374,2271,7560,Person_2374,59
2375,8128,8233,Person_2375,37
2376,1192,7805,Person_2376,68
2377,7537,6439,Person_2377,72
2378,101,2976,Person_2378,32
2379,4339,8812,Person_2379,77
2380,7080,9781,Person_2380,52
2381,8347,8608,Person_2381,68
2382,1937,9665,Person_2382,55
2383,2966,3204,Person_2383,43
2384,3183,6893,Person_2384,75
2385,1820,1911,Person_2385,27
2386,7166,3274,Person_2386,49
2387,5477,328,Person_2387,72
2388,768,7864,Person_2388,80
2389,3952,8660,Person_2389,18
2390,4723,1192,Person_2390,45
2391,2114,3714,Person_2391,18
2392,200,8540,Person_2392,27
2393,7777,6419,Person_2393,64
2394,5961,6535,Person_2394,21
2395,8176,6667,Person_2395,25
2396,2481,6644,Person_2396,80
2397,9566,7505,Person_2397,70
2398,2002,1055,Person_2398,56
2399,8942,6067,Person_2399,65
2400,4347,6955,Person_2400,68
2401,662,506,Person_2401,56
2402,4674,6439,Person_2402,67
2403,3181,5433,Person_2403,48
2404,7756,2397,Person_2404,40
2405,610,9374,Person_2405,57
2406,1489,9082,Person_2406,20
2407,5589,9232,Person_2407,78
2408,2132,7053,Person_2408,54
2409,4046,4191,Person_2409,29
2410,614,9349,Person_2410,42
2411,3212,3342,Person_2411,73
2412,7242,2851,Person_2412,46
2413,2806,5595,Person_2413,75
2414,7745,7582,Person_2414,29
2415,3164,5532,Person_2415,50
2416,9916,3432,Person_2416,67
2417,6163,8215,Person_2417,24
2418,4702,1800,Person_2418,61
2419,4403,9594,Person_2419,51
2420,472,6357,Person_2420,48
2421,9807,9193,Person_2421,54
2422,615,9122,Person_2422,44
2423,865,9877,Person_2423,42
2424,5540,7662,Person_2424,54
2425,4159,9397,Person_2425,56
2426,6027,9138,Person_2426,78
2427,534,4611,Person_2427,79
2428,5516,7591,Person_2428,77
2429,7695,7978,Person_2429,51
2430,4889,6932,Person_2430,55
2431,9942,2229,Person_2431,29
2432,6137,8406,Person_2432,48
2433,8026,4253,Person_2433,62
2434,1674,3455,Person_2434,39
2435,4251,7342,Person_2435,60
2436,4360,7529,Person_2436,57
2437,2355,1078,Person_2437,61
2438,5775,5647,Person_2438,46
2439,7834,6147,Person_2439,22
2440,262,6408,Person_2440,46
2441,2804,8699,Person_2441,22
2442,7389,131,Person_2442,49
2443,1939,1875,Person_2443,18
2444,4608,5644,Person_2444,39
2445,3538,2251,Person_2445,65
2446,2500,6758,Person_2446,69
2447,3148,814,Person_2447,43
2448,9443,9393,Person_2448,21
2449,2344,4372,Person_2449,22
2450,9618,1785,Person_2450,55
2451,2786,8916,Person_2451,54
2452,7978,7845,Person_2452,77
2453,403,2227,Person_2453,58
2454,5410,2696,Person_2454,59
2455,9522,4517,Person_2455,80
2456,6410,1101,Person_2456,49
2457,6230,8606,Person_2457,67
2458,1263,3586,Person_2458,80
2459,8682,2490,Person_2459,24
2460,116,1829,Person_2460,77
2461,9630,8879,Person_2461,51
2462,5362,5852,Person_2462,49
2463,5270,3389,Person_2463,72
2464,7758,9726,Person_2464,35
2465,2542,4179,Person_2465,66
2466,961,1033,Person_2466,52
2467,2327,351,Person_2467,37
2468,1797,4695,Person_2468,72
2469,6818,9888,Person_2469,21
2470,2096,3546,Person_2470,29
2471,5109,8548,Person_2471,35
2472,4993,9425,Person_2472,80
2473,1179,6839,Person_2473,19
2474,7209,1806,Person_2474,54
2475,1327,8056,Person_2475,79
2476,5070,9994,Person_2476,44
2477,5097,2946,Person_2477,43
2478,8440,9352,Person_2478,24
2479,1166,1173,Person_2479,75
2480,3501,8428,Person_2480,26
2481,8060,3030,Person_2481,75
2482,958,9575,Person_2482,65
2483,8938,8291,Person_2483,58
2484,2057,3714,Person_2484,77
2485,8022,3327,Person_2485,45
2486,798,7351,Person_2486,62
2487,3824,1957,Person_2487,60
2488,9855,2485,Person_2488,72
2489,7199,6321,Person_2489,75
2490,2935,939,Person_2490,37
2491,2179,7595,Person_2491,56
2492,5898,3483,Person_2492,78
2493,9836,6677,Person_2493,50
2494,2207,9299,Person_2494,26
2495,9182,2288,Person_2495,57
2496,578,713,Person_2496,45
2497,1355,3921,Person_2497,42
2498,5467,4455,Person_2498,69
2499,8302,9745,Person_2499,42
2500,3698,270,Person_2500,41
