1,1138,87,Person_1,61
2,991,3521,Person_2,63
3,6112,8661,Person_3,76
4,2272,713,Person_4,52
5,8379,5539,Person_5,69
6,4274,4531,Person_6,43
7,3436,3975,Person_7,48
8,8391,710,Person_8,77
9,8253,4677,Person_9,45
10,8440,2718,Person_10,69
11,3190,13,Person_11,33
12,5149,4644,Person_12,42
13,7369,4542,Person_13,23
14,8612,9518,Person_14,18
15,858,2839,Person_15,33
16,6631,1223,Person_16,65
17,6114,9081,Person_17,33
18,5871,8710,Person_18,32
19,4374,9715,Person_19,23
20,9922,5967,Person_20,62
21,4417,1850,Person_21,26
22,6474,373,Person_22,65
23,54,3527,Person_23,64
24,6098,2085,Person_24,23
25,3667,8244,Person_25,45
26,1197,9429,Person_26,62
27,2783,3528,Person_27,67
28,5780,9102,Person_28,57
29,3918,3698,Person_29,79
30,4563,6885,Person_30,19
31,2424,6043,Person_31,80
32,7458,7250,Person_32,60
33,57,4409,Person_33,43
34,2891,9324,Person_34,69
35,8375,8492,Person_35,34
36,3510,3755,Person_36,64
37,4153,8601,Person_37,41
38,2565,8988,Person_38,19
39,7788,6308,Person_39,50
40,1548,2054,Person_40,58
41,6409,4931,Person_41,25
42,6527,9346,Person_42,54
43,9355,7443,Person_43,69
44,6604,2800,Person_44,73
45,6359,4582,Person_45,20
46,8886,882,Person_46,50
47,4448,3533,Person_47,47
48,3485,4016,Person_48,29
49,8305,5502,Person_49,74
50,5610,1250,Person_50,52
51,7657,206,Person_51,78
52,8126,5901,Person_52,65
53,900,2364,Person_53,27
54,5568,8328,Person_54,79
55,4354,5344,Person_55,69
56,2919,4485,Person_56,57
57,7637,9645,Person_57,74
58,3526,4843,Person_58,49
59,8567,6193,Person_59,73
60,536,1773,Person_60,56
61,8753,8908,Person_61,62
62,6265,9155,Person_62,57
63,9794,4519,Person_63,33
64,3528,2070,Person_64,54
65,2327,5421,Person_65,37
66,825,9230,Person_66,56
67,1813,134,Person_67,61
68,3016,6647,Person_68,72
69,70,4309,Person_69,66
70,8402,2529,Person_70,59
71,44,1288,Person_71,77
72,3893,1474,Person_72,44
73,8458,3902,Person_73,23
74,8126,8617,Person_74,65
75,5208,6504,Person_75,61
76,6272,6487,Person_76,45
77,1478,8574,Person_77,41
78,6152,7067,Person_78,70
79,8713,71,Person_79,78
80,9846,1177,Person_80,46
81,4176,8260,Person_81,71
82,1413,5910,Person_82,20
83,3626,3303,Person_83,40
84,6067,7777,Person_84,47
85,3575,154,Person_85,34
86,6869,9422,Person_86,26
87,6073,5769,Person_87,37
88,702,9408,Person_88,42
89,9945,2219,Person_89,66
90,3860,1985,Person_90,80
91,3993,7615,Person_91,18
92,7448,6432,Person_92,26
93,3810,3684,Person_93,57
94,88,6901,Person_94,56
95,118,6397,Person_95,72
96,1076,2154,Person_96,59
97,3736,7668,Person_97,18
98,516,1017,Person_98,33
99,1885,3535,Person_99,57
100,9588,4540,Person_100,68
101,7433,2722,Person_101,28
102,5848,2650,Person_102,56
103,505,7149,Person_103,19
104,3093,8720,Person_104,75
105,936,639,Person_105,38
106,8556,6442,Person_106,57
107,3453,5963,Person_107,33
108,7010,3263,Person_108,75
109,1684,9261,Person_109,35
110,8821,1884,Person_110,72
111,9429,9570,Person_111,24
112,9421,2780,Person_112,59
113,4596,6145,Person_113,54
114,3750,9447,Person_114,56
115,9273,6442,Person_115,35
116,679,8797,Person_116,47
117,7989,8139,Person_117,38
118,6827,4969,Person_118,49
119,4126,3678,Person_119,59
120,8638,3594,Person_120,34
121,6100,5360,Person_121,75
122,323,741,Person_122,34
123,4198,47,Person_123,26
124,5706,5762,Person_124,47
125,1403,4235,Person_125,64
126,4415,3751,Person_126,23
127,9032,4064,Person_127,45
128,1719,2049,Person_128,62
129,8428,3176,Person_129,48
130,3741,7446,Person_130,39
131,6552,9079,Person_131,71
132,2769,8700,Person_132,33
133,8390,5197,Person_133,61
134,8913,9462,Person_134,20
135,607,6566,Person_135,62
136,7883,9137,Person_136,67
137,3819,5701,Person_137,20
138,7274,1125,Person_138,75
139,5355,2505,Person_139,35
140,824,1943,Person_140,80
141,8423,2916,Person_141,58
142,3323,4783,Person_142,71
143,1838,6837,Person_143,46
144,5682,1263,Person_144,43
145,4972,2972,Person_145,27
146,8511,5262,Person_146,29
147,7101,2631,Person_147,74
148,6759,6246,Person_148,68
149,8460,3685,Person_149,74
150,5480,3892,Person_150,37
151,4568,3548,Person_151,80
152,6367,6478,Person_152,75
153,533,6296,Person_153,76
154,9113,6579,Person_154,47
155,7322,4576,Person_155,28
156,1,3269,Person_156,80
157,1576,700,Person_157,77
158,4216,3998,Person_158,53
159,5271,363,Person_159,72
160,5060,9173,Person_160,79
161,6364,3670,Person_161,70
162,7084,5813,Person_162,73
163,6413,4932,Person_163,25
164,4095,710,Person_164,61
165,4473,2387,Person_165,70
166,2899,249,Person_166,33
167,6516,8062,Person_167,37
168,1190,4733,Person_168,41
169,1533,5330,Person_169,52
170,7567,6927,Person_170,28
171,9754,7654,Person_171,51
172,599,421,Person_172,74
173,7959,8351,Person_173,29
174,5936,6641,Person_174,66
175,2459,4698,Person_175,37
176,1968,935,Person_176,20
177,6008,5483,Person_177,36
178,7815,2307,Person_178,69
179,3021,3074,Person_179,47
180,2030,8688,Person_180,29
181,2418,4479,Person_181,50
182,3227,6595,Person_182,50
183,7330,5655,Person_183,66
184,9829,3529,Person_184,29
185,3074,7616,Person_185,24
186,4477,8136,Person_186,48
187,738,3551,Person_187,71
188,314,5881,Person_188,49
189,9823,8068,Person_189,75
190,1526,227,Person_190,80
191,6011,351,Person_191,67
192,3240,4259,Person_192,52
193,8949,4748,Person_193,56
194,7981,6418,Person_194,29
195,8247,753,Person_195,47
196,1887,672,Person_196,54
197,8178,6477,Person_197,21
198,6575,8584,Person_198,35
199,8312,8918,Person_199,30
200,6006,8358,Person_200,29
201,4986,2654,Person_201,24
202,84,2728,Person_202,42
203,4643,4875,Person_203,52
204,7291,7790,Person_204,63
205,8070,9178,Person_205,65
206,3972,4319,Person_206,56
207,8049,281,Person_207,78
208,2476,8507,Person_208,29
209,1527,9058,Person_209,68
210,8600,7751,Person_210,75
211,1314,9019,Person_211,42
212,5402,9719,Person_212,36
213,2496,3427,Person_213,73
214,4469,7144,Person_214,57
215,3728,8468,Person_215,64
216,5445,2658,Person_216,20
217,7761,1712,Person_217,41
218,6588,7589,Person_218,38
219,8934,4406,Person_219,49
220,8717,9515,Person_220,43
221,2206,8274,Person_221,34
222,8773,5751,Person_222,31
223,517,3307,Person_223,72
224,9381,1436,Person_224,77
225,6565,1494,Person_225,31
226,6686,1057,Person_226,70
227,4567,863,Person_227,25
228,633,6661,Person_228,66
229,1893,7386,Person_229,64
230,8173,7503,Person_230,50
231,6162,3737,Person_231,25
232,6453,7515,Person_232,57
233,8582,4243,Person_233,30
234,618,9333,Person_234,71
235,5160,5025,Person_235,53
236,5650,9249,Person_236,20
237,66,9647,Person_237,18
238,6509,291,Person_238,49
239,4310,9149,Person_239,52
240,4306,4602,Person_240,51
241,8514,3142,Person_241,32
242,240,989,Person_242,61
243,2129,2070,Person_243,28
244,2485,9908,Person_244,69
245,2138,3250,Person_245,48
246,6502,6828,Person_246,64
247,3296,6027,Person_247,48
248,8820,3789,Person_248,57
249,7817,7374,Person_249,26
250,7256,2366,Person_250,50
251,2016,2737,Person_251,64
252,814,242,Person_252,63
253,339,9282,Person_253,63
254,2999,4247,Person_254,49
255,3230,5278,Person_255,32
256,5457,244,Person_256,62
257,527,6015,Person_257,44
258,4117,3527,Person_258,37
259,3065,8276,Person_259,73
260,1279,2062,Person_260,51
261,2534,9059,Person_261,59
262,3601,176,Person_262,48
263,830,5492,Person_263,76
264,7079,2150,Person_264,45
265,2090,3733,Person_265,63
266,4054,9834,Person_266,68
267,4351,6627,Person_267,67
268,1078,1311,Person_268,80
269,8547,6644,Person_269,70
270,1600,5174,Person_270,39
271,1736,8089,Person_271,38
272,7416,8686,Person_272,26
273,907,2114,Person_273,56
274,8240,6556,Person_274,32
275,4771,9061,Person_275,78
276,8287,3832,Person_276,74
277,3458,4092,Person_277,62
278,2556,2397,Person_278,53
279,7388,8761,Person_279,42
280,2614,3472,Person_280,41
281,236,1115,Person_281,40
282,3494,7493,Person_282,80
283,9318,1790,Person_283,54
284,5805,2122,Person_284,43
285,1804,396,Person_285,47
286,9919,5575,Person_286,34
287,8161,5748,Person_287,41
288,2587,4607,Person_288,28
289,6562,3417,Person_289,45
290,5741,7483,Person_290,62
291,8139,3803,Person_291,44
292,1829,9585,Person_292,66
293,9181,4604,Person_293,64
294,8570,2132,Person_294,51
295,9670,5427,Person_295,22
296,1628,3582,Person_296,54
297,9570,6270,Person_297,23
298,824,524,Person_298,20
299,7888,986,Person_299,49
300,560,83,Person_300,78
301,23,8617,Person_301,41
302,3451,7323,Person_302,31
303,682,7600,Person_303,18
304,9890,3783,Person_304,58
305,2543,6865,Person_305,33
306,1908,7943,Person_306,36
307,2782,4293,Person_307,73
308,7982,9118,Person_308,58
309,1708,2645,Person_309,19
310,462,2468,Person_310,22
311,1668,5585,Person_311,38
312,982,6704,Person_312,39
313,4841,8302,Person_313,18
314,4446,8416,Person_314,34
315,2974,6156,Person_315,30
316,9454,7359,Person_316,66
317,5446,3296,Person_317,33
318,881,120,Person_318,52
319,3071,6880,Person_319,42
320,7636,5,Person_320,50
321,8686,9859,Person_321,78
322,9688,7025,Person_322,55
323,6502,2364,Person_323,61
324,9354,4566,Person_324,37
325,1638,9846,Person_325,79
326,7496,7304,Person_326,77
327,7362,4302,Person_327,54
328,3308,2662,Person_328,74
329,806,3648,Person_329,63
330,7807,397,Person_330,52
331,1414,2091,Person_331,74
332,2913,620,Person_332,44
333,7169,8607,Person_333,67
334,5122,5079,Person_334,61
335,5913,259,Person_335,37
336,4209,3543,Person_336,73
337,4613,9257,Person_337,32
338,3462,3622,Person_338,78
339,4898,5707,Person_339,68
340,4109,151,Person_340,18
341,4396,3851,Person_341,32
342,7465,798,Person_342,64
343,7309,9489,Person_343,47
344,6407,5802,Person_344,30
345,2844,8923,Person_345,48
346,7209,670,Person_346,47
347,1997,3467,Person_347,64
348,8131,8226,Person_348,64
349,5610,5790,Person_349,79
350,6286,2211,Person_350,25
351,2160,8104,Person_351,29
352,8451,3951,Person_352,29
353,823,8435,Person_353,72
354,3621,2831,Person_354,63
355,8313,9739,Person_355,67
356,4837,1387,Person_356,56
357,1881,8813,Person_357,25
358,4354,7638,Person_358,31
359,4743,4428,Person_359,80
360,682,4066,Person_360,34
361,4852,9695,Person_361,38
362,7554,50,Person_362,58
363,8339,235,Person_363,32
364,9120,1201,Person_364,58
365,491,3035,Person_365,61
366,7669,2386,Person_366,44
367,8079,5480,Person_367,32
368,4097,5069,Person_368,33
369,5849,6040,Person_369,69
370,9259,6926,Person_370,37
371,4403,917,Person_371,40
372,3663,9284,Person_372,78
373,8097,7685,Person_373,26
374,5643,8595,Person_374,29
375,8406,9642,Person_375,35
376,8740,4396,Person_376,72
377,5555,3635,Person_377,51
378,6152,7476,Person_378,65
379,6101,8480,Person_379,60
380,6904,2325,Person_380,20
381,726,7058,Person_381,20
382,6983,4658,Person_382,22
383,8539,975,Person_383,77
384,1352,1509,Person_384,49
385,2559,6980,Person_385,77
386,3431,2646,Person_386,51
387,2429,8129,Person_387,26
388,1326,7046,Person_388,51
389,4838,9574,Person_389,72
390,6062,2686,Person_390,72
391,5869,5044,Person_391,54
392,5810,1731,Person_392,52
393,8204,3949,Person_393,61
394,5540,1468,Person_394,42
395,3295,2282,Person_395,20
396,511,3065,Person_396,55
397,4838,2126,Person_397,49
398,7835,9644,Person_398,61
399,8192,1794,Person_399,73
400,1310,4434,Person_400,68
401,78,4511,Person_401,38
402,7541,3656,Person_402,34
403,6026,5810,Person_403,79
404,5894,3279,Person_404,34
405,3762,5476,Person_405,29
406,1631,7802,Person_406,30
407,3515,7085,Person_407,20
408,2363,309,Person_408,43
409,2852,159,Person_409,28
410,7632,632,Person_410,26
411,370,6923,Person_411,73
412,523,4813,Person_412,70
413,8074,7781,Person_413,42
414,9150,8883,Person_414,43
415,168,8466,Person_415,50
416,9054,9883,Person_416,80
417,614,6578,Person_417,37
418,8037,7107,Person_418,70
419,7120,8686,Person_419,33
420,8853,3067,Person_420,51
421,627,1178,Person_421,64
422,757,3214,Person_422,52
423,3919,4331,Person_423,29
424,8833,2677,Person_424,18
425,6686,1876,Person_425,51
426,1404,6199,Person_426,40
427,8043,5783,Person_427,37
428,6275,2142,Person_428,36
429,2773,8726,Person_429,23
430,7217,640,Person_430,36
431,4701,7696,Person_431,25
432,7975,3649,Person_432,80
433,1478,3487,Person_433,46
434,1258,1048,Person_434,80
435,1644,7183,Person_435,61
436,8097,8106,Person_436,29
437,4437,1033,Person_437,39
438,2217,7311,Person_438,68
439,1293,7147,Person_439,25
440,1216,3342,Person_440,61
441,6085,5745,Person_441,22
442,6337,3041,Person_442,62
443,4548,6200,Person_443,56
444,5388,7098,Person_444,40
445,8693,5891,Person_445,52
446,3147,1284,Person_446,36
447,9983,2031,Person_447,27
448,8084,605,Person_448,54
449,1436,3267,Person_449,43
450,6506,6723,Person_450,48
451,608,1494,Person_451,72
452,2225,3693,Person_452,47
453,5198,8607,Person_453,67
454,5240,5721,Person_454,59
455,381,1897,Person_455,72
456,6252,3358,Person_456,32
457,4201,8600,Person_457,49
458,4786,250,Person_458,34
459,3155,1986,Person_459,36
460,2638,7846,Person_460,48
461,1742,3536,Person_461,51
462,1166,4605,Person_462,48
463,1588,613,Person_463,34
464,462,6623,Person_464,78
465,148,7660,Person_465,54
466,1388,6693,Person_466,53
467,595,7036,Person_467,41
468,515,2905,Person_468,43
469,2886,1266,Person_469,26
470,7801,6213,Person_470,39
471,5605,2639,Person_471,36
472,2356,4738,Person_472,26
473,6610,9745,Person_473,41
474,7997,5534,Person_474,58
475,8787,2908,Person_475,69
476,3400,6922,Person_476,23
477,442,6993,Person_477,31
478,544,8715,Person_478,74
479,2774,8373,Person_479,60
480,348,2758,Person_480,42
481,7019,8980,Person_481,54
482,5445,4562,Person_482,76
483,5646,6638,Person_483,67
484,5367,706,Person_484,65
485,3314,5858,Person_485,66
486,9348,7983,Person_486,26
487,7825,4083,Person_487,72
488,1525,8916,Person_488,29
489,2359,6444,Person_489,68
490,3607,8182,Person_490,26
491,1223,2464,Person_491,55
492,7282,7039,Person_492,30
493,5580,1593,Person_493,41
494,9991,4355,Person_494,76
495,5844,1303,Person_495,32
496,3977,9208,Person_496,24
497,554,3470,Person_497,67
498,3058,7066,Person_498,22
499,863,1551,Person_499,50
500,8122,7121,Person_500,69
501,6535,457,Person_501,18
502,2937,3583,Person_502,76
503,3274,3552,Person_503,49
504,7072,7314,Person_504,66
505,9075,2675,Person_505,21
506,3334,9653,Person_506,39
507,941,6373,Person_507,57
508,890,3922,Person_508,56
509,4891,5351,Person_509,78
510,5799,7140,Person_510,42
511,2154,4287,Person_511,74
512,8142,2384,Person_512,66
513,1111,5516,Person_513,19
514,4934,418,Person_514,74
515,1624,1287,Person_515,70
516,6823,4803,Person_516,45
517,2652,9938,Person_517,26
518,6967,2351,Person_518,39
519,1022,6180,Person_519,46
520,2121,611,Person_520,80
521,5034,349,Person_521,51
522,8477,593,Person_522,33
523,7876,2774,Person_523,40
524,3624,1700,Person_524,49
525,9041,2725,Person_525,29
526,7188,8444,Person_526,23
527,5704,6965,Person_527,32
528,4931,2202,Person_528,76
529,4156,9479,Person_529,51
530,5061,7533,Person_530,75
531,7147,7938,Person_531,64
532,1220,1718,Person_532,46
533,3119,4187,Person_533,21
534,3408,883,Person_534,25
535,3816,4789,Person_535,46
536,8713,4011,Person_536,62
537,1297,4639,Person_537,67
538,7005,2997,Person_538,32
539,3291,5934,Person_539,29
540,4984,6586,Person_540,49
541,9853,1841,Person_541,68
542,7523,9671,Person_542,47
543,3678,1216,Person_543,49
544,2640,3187,Person_544,31
545,3556,7811,Person_545,60
546,3122,4875,Person_546,50
547,4034,850,Person_547,80
548,5069,5566,Person_548,77
549,346,4671,Person_549,63
550,9238,1417,Person_550,31
551,346,3439,Person_551,61
552,268,9992,Person_552,21
553,2003,3480,Person_553,26
554,1808,9331,Person_554,77
555,5501,8249,Person_555,53
556,3858,3447,Person_556,40
557,7260,2152,Person_557,50
558,9576,4572,Person_558,36
559,1740,9234,Person_559,62
560,9014,6051,Person_560,59
561,1326,4434,Person_561,73
562,9304,2169,Person_562,38
563,6751,5017,Person_563,66
564,6249,8069,Person_564,73
565,608,1566,Person_565,65
566,6404,9233,Person_566,37
567,6842,8834,Person_567,52
568,6473,6145,Person_568,73
569,458,4257,Person_569,44
570,8176,7119,Person_570,74
571,9506,2916,Person_571,58
572,5254,5252,Person_572,73
573,1662,1750,Person_573,28
574,929,3274,Person_574,59
575,1255,4842,Person_575,26
576,3787,1901,Person_576,46
577,3944,2674,Person_577,71
578,2360,5730,Person_578,29
579,6421,247,Person_579,37
580,9285,1423,Person_580,79
581,8230,2485,Person_581,22
582,3043,2262,Person_582,32
583,7007,4951,Person_583,44
584,1743,5273,Person_584,47
585,1933,4797,Person_585,45
586,5557,9680,Person_586,48
587,7133,8832,Person_587,30
588,6160,4910,Person_588,20
589,2132,4061,Person_589,32
590,9665,487,Person_590,74
591,978,7637,Person_591,59
592,7533,1749,Person_592,80
593,8273,1611,Person_593,62
594,7346,2299,Person_594,36
595,8822,4390,Person_595,75
596,696,4834,Person_596,59
597,9651,7629,Person_597,80
598,4100,418,Person_598,40
599,4775,7244,Person_599,18
600,9164,5082,Person_600,68
601,3736,1788,Person_601,69
602,8760,8525,Person_602,29
603,4036,8603,Person_603,36
604,6392,1182,Person_604,69
605,3041,6747,Person_605,19
606,4220,4819,Person_606,55
607,8389,7125,Person_607,51
608,7575,6085,Person_608,63
609,8737,1120,Person_609,31
610,3009,3165,Person_610,54
611,3492,7051,Person_611,41
612,703,5097,Person_612,74
613,2058,607,Person_613,63
614,4453,4230,Person_614,80
615,1596,6481,Person_615,18
616,5589,4378,Person_616,39
617,7898,8129,Person_617,50
618,3617,7213,Person_618,18
619,8975,6442,Person_619,47
620,8372,2184,Person_620,46
621,2934,8482,Person_621,18
622,5460,3780,Person_622,44
623,3656,5143,Person_623,59
624,1497,8445,Person_624,57
625,1074,6521,Person_625,40
626,4035,6678,Person_626,33
627,3088,5382,Person_627,75
628,6944,9354,Person_628,66
629,7116,6741,Person_629,64
630,7226,752,Person_630,66
631,8481,6525,Person_631,53
632,5749,6012,Person_632,31
633,2974,4940,Person_633,30
634,1081,3639,Person_634,62
635,2934,6893,Person_635,72
636,2584,5314,Person_636,18
637,4699,4387,Person_637,39
638,3559,8960,Person_638,46
639,5630,6537,Person_639,50
640,8567,9550,Person_640,43
641,7473,5329,Person_641,68
642,6212,4320,Person_642,62
643,1052,6481,Person_643,24
644,2610,2171,Person_644,19
645,9513,1497,Person_645,37
646,6338,7527,Person_646,79
647,501,82,Person_647,20
648,192,481,Person_648,31
649,6395,1018,Person_649,45
650,511,4895,Person_650,79
651,6935,1649,Person_651,50
652,2216,9322,Person_652,34
653,7976,4242,Person_653,61
654,4267,8062,Person_654,19
655,3755,4144,Person_655,37
656,4709,1729,Person_656,51
657,1057,9122,Person_657,44
658,2558,7273,Person_658,48
659,215,4384,Person_659,44
660,2230,2000,Person_660,77
661,3170,8918,Person_661,26
662,1004,6930,Person_662,59
663,6249,4133,Person_663,65
664,7297,2596,Person_664,49
665,1400,355,Person_665,80
666,6175,6170,Person_666,25
667,9099,3415,Person_667,79
668,1440,8405,Person_668,50
669,5988,1009,Person_669,79
670,4211,2405,Person_670,45
671,8022,2826,Person_671,78
672,178,2578,Person_672,57
673,551,981,Person_673,51
674,2097,6275,Person_674,72
675,7205,1645,Person_675,66
676,6299,9840,Person_676,22
677,1012,5627,Person_677,30
678,9445,5241,Person_678,42
679,4262,3320,Person_679,73
680,3886,4250,Person_680,23
681,8648,2899,Person_681,29
682,7492,3023,Person_682,68
683,9932,8169,Person_683,68
684,1357,9611,Person_684,64
685,1435,9836,Person_685,30
686,9459,4443,Person_686,37
687,8803,3444,Person_687,23
688,8555,48,Person_688,34
689,4819,4982,Person_689,65
690,845,4488,Person_690,69
691,8507,1555,Person_691,54
692,4752,8723,Person_692,69
693,4010,2885,Person_693,75
694,9448,1500,Person_694,25
695,8496,1039,Person_695,44
696,7117,694,Person_696,64
697,274,1489,Person_697,77
698,4378,7495,Person_698,63
699,5953,8819,Person_699,68
700,8345,1836,Person_700,54
701,1633,662,Person_701,22
702,8656,4831,Person_702,74
703,340,1560,Person_703,26
704,1720,147,Person_704,76
705,1752,9598,Person_705,44
706,9843,8823,Person_706,73
707,1199,2822,Person_707,76
708,9339,8145,Person_708,61
709,9923,4060,Person_709,68
710,9464,9348,Person_710,48
711,1283,854,Person_711,59
712,6779,5870,Person_712,40
713,9663,1885,Person_713,32
714,7369,1632,Person_714,69
715,6870,6983,Person_715,26
716,454,3331,Person_716,61
717,3661,8534,Person_717,46
718,4912,5078,Person_718,33
719,6268,9765,Person_719,69
720,297,4493,Person_720,46
721,5916,3903,Person_721,19
722,1483,6355,Person_722,78
723,1806,8246,Person_723,23
724,9267,8769,Person_724,40
725,5143,8246,Person_725,80
726,78,2989,Person_726,39
727,805,1310,Person_727,23
728,2678,5017,Person_728,74
729,3876,3765,Person_729,48
730,3523,9006,Person_730,37
731,8575,797,Person_731,66
732,5214,1614,Person_732,39
733,9622,1931,Person_733,18
734,4837,6493,Person_734,53
735,7455,1271,Person_735,69
736,3782,6216,Person_736,48
737,515,2442,Person_737,58
738,2504,8141,Person_738,62
739,7835,318,Person_739,71
740,1290,1524,Person_740,45
741,7278,179,Person_741,34
742,882,8672,Person_742,44
743,3087,5945,Person_743,28
744,6844,5741,Person_744,34
745,9181,7538,Person_745,22
746,374,7361,Person_746,78
747,8286,2758,Person_747,76
748,247,1390,Person_748,39
749,3455,1499,Person_749,18
750,2496,6167,Person_750,49
751,2019,4210,Person_751,59
752,2470,2408,Person_752,34
753,4475,2654,Person_753,50
754,6718,9000,Person_754,70
755,8417,1754,Person_755,71
756,8660,7141,Person_756,37
757,8050,9832,Person_757,41
758,4215,1295,Person_758,54
759,5432,8568,Person_759,63
760,9051,4369,Person_760,77
761,5469,9993,Person_761,58
762,402,1961,Person_762,67
763,8519,5820,Person_763,72
764,9296,5072,Person_764,26
765,6376,9731,Person_765,40
766,7101,6356,Person_766,51
767,676,8319,Person_767,27
768,7867,1561,Person_768,25
769,8224,788,Person_769,75
770,2758,8192,Person_770,33
771,368,94,Person_771,27
772,2527,5488,Person_772,27
773,4436,8813,Person_773,44
774,9891,86,Person_774,31
775,1216,9160,Person_775,74
776,4669,1384,Person_776,78
777,9993,8779,Person_777,27
778,5034,4645,Person_778,32
779,768,3218,Person_779,77
780,8403,3931,Person_780,52
781,5218,4897,Person_781,40
782,9936,9578,Person_782,27
783,5110,1589,Person_783,42
784,8128,760,Person_784,67
785,4329,2778,Person_785,39
786,1101,4451,Person_786,73
787,9769,988,Person_787,30
788,3541,7287,Person_788,24
789,7019,8265,Person_789,24
790,2206,5023,Person_790,72
791,3713,5667,Person_791,51
792,9910,5515,Person_792,61
793,5636,4489,Person_793,53
794,714,1837,Person_794,21
795,6186,4038,Person_795,21
796,8201,2104,Person_796,68
797,3863,639,Person_797,41
798,2846,1996,Person_798,54
799,4521,9079,Person_799,36
800,4285,6303,Person_800,32
801,4866,8316,Person_801,77
802,8812,4112,Person_802,52
803,9969,8345,Person_803,35
804,306,6512,Person_804,29
805,1859,5990,Person_805,38
806,3296,5637,Person_806,46
807,8679,7887,Person_807,23
808,1428,3932,Person_808,54
809,7805,9992,Person_809,57
810,3057,6193,Person_810,19
811,3974,5808,Person_811,58
812,4031,806,Person_812,27
813,9573,6807,Person_813,60
814,5352,6023,Person_814,33
815,6527,3502,Person_815,64
816,5960,2467,Person_816,73
817,5840,4147,Person_817,35
818,6345,6443,Person_818,53
819,4530,1641,Person_819,53
820,8788,959,Person_820,36
821,1679,2225,Person_821,59
822,3868,6589,Person_822,49
823,6582,6846,Person_823,65
824,2716,8597,Person_824,80
825,4836,4816,Person_825,33
826,6514,3529,Person_826,53
827,6495,5422,Person_827,70
828,2473,6254,Person_828,61
829,4301,8339,Person_829,65
830,1239,9462,Person_830,64
831,4511,8659,Person_831,49
832,3775,1687,Person_832,65
833,9978,3681,Person_833,37
834,5819,2144,Person_834,76
835,5334,1403,Person_835,54
836,6959,8394,Person_836,23
837,2891,296,Person_837,47
838,6579,7815,Person_838,58
839,2990,4103,Person_839,27
840,1854,421,Person_840,80
841,1219,5246,Person_841,28
842,9088,1560,Person_842,22
843,1913,8866,Person_843,60
844,854,7419,Person_844,49
845,2058,555,Person_845,79
846,3202,427,Person_846,22
847,7366,7057,Person_847,69
848,1371,4968,Person_848,80
849,547,6894,Person_849,42
850,4467,7318,Person_850,63
851,5642,7101,Person_851,76
852,2898,723,Person_852,24
853,3240,6514,Person_853,37
854,5975,8430,Person_854,47
855,2433,9771,Person_855,35
856,2630,3912,Person_856,48
857,2594,6685,Person_857,55
858,7019,1664,Person_858,48
859,6847,676,Person_859,69
860,7906,9895,Person_860,65
861,7777,4444,Person_861,69
862,9522,3788,Person_862,42
863,1811,9676,Person_863,36
864,6476,4001,Person_864,67
865,6689,6341,Person_865,56
866,6380,1765,Person_866,52
867,8139,7618,Person_867,35
868,4786,6443,Person_868,65
869,1175,2112,Person_869,26
870,4708,6974,Person_870,62
871,4511,9241,Person_871,74
872,4225,9210,Person_872,30
873,2331,9953,Person_873,20
874,7666,1468,Person_874,38
875,4125,6647,Person_875,75
876,8354,3747,Person_876,24
877,2494,7129,Person_877,58
878,65,9184,Person_878,61
879,1926,1613,Person_879,54
880,457,4694,Person_880,18
881,8325,772,Person_881,38
882,6154,3119,Person_882,22
883,8029,5302,Person_883,45
884,4764,1810,Person_884,59
885,5197,3041,Person_885,33
886,5614,1369,Person_886,58
887,9785,5616,Person_887,61
888,5937,8354,Person_888,33
889,3783,7386,Person_889,63
890,5683,4122,Person_890,57
891,8168,9347,Person_891,59
892,8482,1677,Person_892,79
893,7285,7936,Person_893,61
894,4640,8577,Person_894,46
895,374,2110,Person_895,57
896,6765,1754,Person_896,43
897,486,7315,Person_897,39
898,7061,9933,Person_898,72
899,8738,2202,Person_899,38
900,6201,9487,Person_900,37
901,9032,4354,Person_901,62
902,7984,9541,Person_902,27
903,9159,922,Person_903,36
904,9485,2754,Person_904,18
905,4559,5300,Person_905,70
906,442,6916,Person_906,63
907,8209,1781,Person_907,80
908,5938,9594,Person_908,68
909,11,6939,Person_909,47
910,2864,3627,Person_910,78
911,5014,7102,Person_911,31
912,5008,6336,Person_912,65
913,9652,2097,Person_913,23
914,6897,7210,Person_914,29
915,6769,2812,Person_915,51
916,4927,5919,Person_916,58
917,2773,8851,Person_917,56
918,2380,4342,Person_918,51
919,2547,4925,Person_919,18
920,7306,4324,Person_920,70
921,61,6431,Person_921,41
922,5598,456,Person_922,74
923,2896,1041,Person_923,76
924,1643,5613,Person_924,48
925,2320,9437,Person_925,47
926,4614,6315,Person_926,68
927,5551,9037,Person_927,67
928,186,240,Person_928,18
929,4294,9838,Person_929,64
930,7283,8739,Person_930,26
931,7470,2816,Person_931,70
932,5091,8289,Person_932,69
933,4836,2733,Person_933,31
934,4872,7650,Person_934,66
935,3903,5496,Person_935,28
936,8804,2897,Person_936,56
937,3762,8806,Person_937,20
938,6752,5266,Person_938,33
939,649,8092,Person_939,45
940,3055,7531,Person_940,49
941,8615,6169,Person_941,24
942,7109,3435,Person_942,60
943,2285,5583,Person_943,39
944,9753,5192,Person_944,66
945,2679,7638,Person_945,32
946,9691,2656,Person_946,76
947,6988,918,Person_947,36
948,202,5921,Person_948,42
949,88,898,Person_949,19
950,5320,8811,Person_950,28
951,4624,2437,Person_951,78
952,2239,2861,Person_952,77
953,7153,511,Person_953,40
954,1270,7712,Person_954,67
955,3528,7872,Person_955,41
956,9437,615,Person_956,55
957,6241,627,Person_957,44
958,4038,8723,Person_958,46
959,8550,1157,Person_959,75
960,9386,4199,Person_960,63
961,3347,2528,Person_961,32
962,7447,601,Person_962,74
963,6172,6453,Person_963,24
964,5278,3358,Person_964,18
965,4375,4885,Person_965,66
966,5117,7880,Person_966,75
967,1369,835,Person_967,74
968,2488,2472,Person_968,54
969,3208,2289,Person_969,72
970,7093,6985,Person_970,68
971,6134,4810,Person_971,56
972,2418,5826,Person_972,75
973,4459,1545,Person_973,60
974,602,4262,Person_974,53
975,533,7129,Person_975,51
976,8318,5193,Person_976,39
977,7884,4397,Person_977,21
978,9687,5735,Person_978,34
979,8136,638,Person_979,23
980,3931,2085,Person_980,20
981,1389,856,Person_981,44
982,5269,6745,Person_982,31
983,2135,8359,Person_983,55
984,4550,6223,Person_984,25
985,7218,7045,Person_985,32
986,9237,2609,Person_986,45
987,7296,5452,Person_987,33
988,9475,1056,Person_988,31
989,7053,306,Person_989,37
990,4272,6655,Person_990,64
991,8286,5190,Person_991,31
992,3433,218,Person_992,46
993,9860,546,Person_993,26
994,6069,4164,Person_994,56
995,9973,7050,Person_995,67
996,7378,8320,Person_996,40
997,4983,4740,Person_997,75
998,7678,6102,Person_998,67
999,901,2089,Person_999,34
1000,7553,9612,Person_1000,43
1001,6008,4930,Person_1001,40
1002,2617,8731,Person_1002,29
1003,8164,1389,Person_1003,29
1004,5003,7433,Person_1004,60
1005,6089,3108,Person_1005,51
1006,7016,3749,Person_1006,60
1007,6563,5752,Person_1007,55
1008,4484,6385,Person_1008,40
1009,8464,9451,Person_1009,21
1010,6330,4166,Person_1010,23
1011,4382,9128,Person_1011,21
1012,1947,4575,Person_1012,32
1013,321,3857,Person_1013,18
1014,8212,4646,Person_1014,31
1015,1470,5725,Person_1015,78
1016,1347,5692,Person_1016,28
1017,445,2235,Person_1017,51
1018,5605,4272,Person_1018,41
1019,3235,2527,Person_1019,57
1020,5280,1269,Person_1020,77
1021,421,5809,Person_1021,50
1022,5081,1778,Person_1022,71
1023,9489,383,Person_1023,53
1024,7553,1038,Person_1024,53
1025,680,6414,Person_1025,74
1026,1318,2888,Person_1026,30
1027,8115,3495,Person_1027,41
1028,9720,4146,Person_1028,69
1029,3484,9674,Person_1029,21
1030,6098,2721,Person_1030,30
1031,9913,6881,Person_1031,44
1032,267,6902,Person_1032,55
1033,2100,2243,Person_1033,18
1034,1260,8642,Person_1034,26
1035,5191,4017,Person_1035,50
1036,7410,63,Person_1036,63
1037,2207,4856,Person_1037,24
1038,4320,2302,Person_1038,62
1039,7709,7964,Person_1039,23
1040,8230,5799,Person_1040,74
1041,681,9469,Person_1041,53
1042,953,5080,Person_1042,21
1043,3011,6639,Person_1043,29
1044,8380,7884,Person_1044,27
1045,7875,4238,Person_1045,22
1046,549,1007,Person_1046,47
1047,1513,6132,Person_1047,61
1048,2970,6305,Person_1048,24
1049,649,8669,Person_1049,51
1050,4837,4298,Person_1050,76
1051,5534,2215,Person_1051,46
1052,9696,2524,Person_1052,37
1053,2886,6630,Person_1053,40
1054,9326,3544,Person_1054,79
1055,3332,931,Person_1055,49
1056,1937,7081,Person_1056,57
1057,8051,5491,Person_1057,60
1058,821,3227,Person_1058,29
1059,1143,4196,Person_1059,76
1060,6831,7801,Person_1060,19
1061,1456,2982,Person_1061,41
1062,4864,3962,Person_1062,76
1063,8567,1446,Person_1063,64
1064,294,4396,Person_1064,68
1065,9198,4044,Person_1065,73
1066,4970,8448,Person_1066,33
1067,9979,7405,Person_1067,60
1068,1920,7631,Person_1068,57
1069,8815,1264,Person_1069,54
1070,4322,8909,Person_1070,56
1071,1230,4882,Person_1071,41
1072,5373,7801,Person_1072,33
1073,4022,9550,Person_1073,52
1074,4144,2428,Person_1074,39
1075,8094,877,Person_1075,67
1076,3904,6081,Person_1076,38
1077,1874,7656,Person_1077,51
1078,6062,8520,Person_1078,64
1079,8636,8225,Person_1079,41
1080,6523,7329,Person_1080,27
1081,7558,8135,Person_1081,80
1082,7329,2365,Person_1082,73
1083,5891,1374,Person_1083,24
1084,1672,5993,Person_1084,44
1085,8194,3660,Person_1085,39
1086,7685,2311,Person_1086,42
1087,9361,3538,Person_1087,74
1088,9693,7249,Person_1088,54
1089,5607,7691,Person_1089,77
1090,2744,301,Person_1090,32
1091,7197,4072,Person_1091,73
1092,1316,9937,Person_1092,71
1093,2606,7939,Person_1093,27
1094,9295,9375,Person_1094,62
1095,2131,8590,Person_1095,78
1096,8055,8357,Person_1096,66
1097,965,7076,Person_1097,45
1098,59,8425,Person_1098,31
1099,3760,8039,Person_1099,51
1100,4234,3394,Person_1100,80
1101,8269,974,Person_1101,32
1102,5914,8954,Person_1102,74
1103,5189,2450,Person_1103,27
1104,864,2873,Person_1104,80
1105,8030,7093,Person_1105,79
1106,6507,9962,Person_1106,59
1107,4738,5364,Person_1107,56
1108,2406,3386,Person_1108,29
1109,6339,3418,Person_1109,58
1110,9092,9596,Person_1110,31
1111,8991,6641,Person_1111,19
1112,6444,2938,Person_1112,20
1113,5141,576,Person_1113,73
1114,5679,1335,Person_1114,51
1115,7588,6174,Person_1115,30
1116,6359,4121,Person_1116,47
1117,1763,2785,Person_1117,25
1118,1569,9621,Person_1118,69
1119,2437,5457,Person_1119,50
1120,7237,9823,Person_1120,18
1121,1909,9091,Person_1121,38
1122,3271,9864,Person_1122,62
1123,8514,4365,Person_1123,56
1124,1097,1122,Person_1124,31
1125,2314,9241,Person_1125,70
1126,9,6442,Person_1126,38
1127,4070,5693,Person_1127,23
1128,781,391,Person_1128,58
1129,9650,1446,Person_1129,25
1130,5326,2688,Person_1130,80
1131,2038,5289,Person_1131,31
1132,4251,9476,Person_1132,23
1133,6460,3290,Person_1133,46
1134,5852,2542,Person_1134,46
1135,1509,2669,Person_1135,76
1136,3065,7705,Person_1136,79
1137,2033,598,Person_1137,78
1138,3917,8592,Person_1138,66
1139,5408,1936,Person_1139,18
1140,7151,1085,Person_1140,38
1141,4005,6995,Person_1141,76
1142,1778,4845,Person_1142,42
1143,7140,2460,Person_1143,47
1144,1165,2575,Person_1144,35
1145,1227,8234,Person_1145,24
1146,5275,4121,Person_1146,75
1147,1336,1992,Person_1147,80
1148,751,1559,Person_1148,43
1149,7579,1181,Person_1149,29
1150,2385,7826,Person_1150,42
1151,7674,1048,Person_1151,47
1152,7272,7002,Person_1152,18
1153,1292,909,Person_1153,50
1154,7804,1060,Person_1154,48
1155,9750,3953,Person_1155,39
1156,301,3439,Person_1156,70
1157,8893,7628,Person_1157,45
1158,3585,1572,Person_1158,61
1159,5275,3224,Person_1159,21
1160,8313,7033,Person_1160,54
1161,2578,7664,Person_1161,61
1162,9972,7776,Person_1162,59
1163,7490,347,Person_1163,69
1164,5784,7765,Person_1164,29
1165,3468,7897,Person_1165,38
1166,3746,9976,Person_1166,24
1167,3784,2311,Person_1167,60
1168,9389,9637,Person_1168,36
1169,4571,8746,Person_1169,63
1170,6378,1660,Person_1170,27
1171,6795,747,Person_1171,65
1172,543,9542,Person_1172,79
1173,7993,4550,Person_1173,71
1174,2394,9881,Person_1174,66
1175,9663,2594,Person_1175,46
1176,7032,3144,Person_1176,34
1177,9374,2135,Person_1177,51
1178,8949,7775,Person_1178,71
1179,4104,5831,Person_1179,70
1180,124,7992,Person_1180,39
1181,241,1078,Person_1181,35
1182,5754,7561,Person_1182,21
1183,3293,4617,Person_1183,40
1184,7161,8705,Person_1184,76
1185,8519,3177,Person_1185,63
1186,3155,3344,Person_1186,32
1187,8442,9605,Person_1187,39
1188,1994,8879,Person_1188,52
1189,5011,3983,Person_1189,31
1190,5741,2248,Person_1190,69
1191,6791,7350,Person_1191,59
1192,175,1285,Person_1192,39
1193,1948,8848,Person_1193,32
1194,7545,7993,Person_1194,25
1195,3404,5485,Person_1195,60
1196,8504,8241,Person_1196,26
1197,3923,2069,Person_1197,23
1198,7258,7377,Person_1198,46
1199,6547,4727,Person_1199,33
1200,2363,5221,Person_1200,24
1201,1428,9462,Person_1201,41
1202,3548,4335,Person_1202,74
1203,1336,4174,Person_1203,38
1204,8726,3800,Person_1204,28
1205,5427,4276,Person_1205,54
1206,8263,1734,Person_1206,73
1207,2073,9872,Person_1207,42
1208,9156,8690,Person_1208,54
1209,5531,7784,Person_1209,38
1210,1375,6165,Person_1210,38
1211,517,4405,Person_1211,75
1212,3580,9107,Person_1212,68
1213,9404,8293,Person_1213,19
1214,2522,8577,Person_1214,66
1215,2017,1402,Person_1215,73
1216,4464,1372,Person_1216,58
1217,1830,282,Person_1217,43
1218,1473,5257,Person_1218,32
1219,1973,9879,Person_1219,54
1220,5599,5158,Person_1220,70
1221,3851,2851,Person_1221,31
1222,6082,2197,Person_1222,49
1223,1261,9945,Person_1223,24
1224,2178,4579,Person_1224,68
1225,7704,7628,Person_1225,42
1226,9259,315,Person_1226,18
1227,8683,2067,Person_1227,21
1228,8148,1198,Person_1228,75
1229,5798,401,Person_1229,48
1230,5503,3586,Person_1230,73
1231,1039,3377,Person_1231,27
1232,6143,8595,Person_1232,33
1233,108,1622,Person_1233,73
1234,3386,3521,Person_1234,39
1235,4394,662,Person_1235,68
1236,3578,9927,Person_1236,48
1237,7722,134,Person_1237,79
1238,4808,8946,Person_1238,61
1239,7076,6004,Person_1239,39
1240,1142,3334,Person_1240,67
1241,8123,7337,Person_1241,42
1242,3636,9799,Person_1242,38
1243,2943,9773,Person_1243,39
1244,8552,4402,Person_1244,80
1245,1365,5229,Person_1245,44
1246,4490,3517,Person_1246,46
1247,355,8118,Person_1247,63
1248,9402,9279,Person_1248,31
1249,4069,3460,Person_1249,55
1250,5245,2645,Person_1250,55
