8751,9955,5645,Person_8751,73
8752,5609,9324,Person_8752,37
8753,1238,5374,Person_8753,35
8754,5142,863,Person_8754,19
8755,5148,9792,Person_8755,34
8756,5152,750,Person_8756,43
8757,7930,5703,Person_8757,29
8758,3315,8753,Person_8758,46
8759,5587,5287,Person_8759,23
8760,47,2340,Person_8760,73
8761,380,5491,Person_8761,48
8762,903,541,Person_8762,26
8763,9577,2112,Person_8763,29
8764,2376,9490,Person_8764,56
8765,3683,7508,Person_8765,51
8766,6402,1633,Person_8766,46
8767,6048,58,Person_8767,50
8768,6192,8610,Person_8768,66
8769,7547,1062,Person_8769,20
8770,7974,6498,Person_8770,57
8771,2723,2225,Person_8771,69
8772,3549,3509,Person_8772,34
8773,6157,8723,Person_8773,66
8774,9954,8609,Person_8774,28
8775,5349,2499,Person_8775,48
8776,3099,9099,Person_8776,39
8777,1711,7280,Person_8777,74
8778,658,5691,Person_8778,68
8779,5108,7281,Person_8779,26
8780,8660,3838,Person_8780,64
8781,7344,9457,Person_8781,23
8782,8907,8180,Person_8782,44
8783,6067,9933,Person_8783,32
8784,2413,5220,Person_8784,72
8785,7602,601,Person_8785,79
8786,6360,8191,Person_8786,53
8787,2215,8915,Person_8787,58
8788,1250,6563,Person_8788,66
8789,3968,9109,Person_8789,62
8790,7843,7179,Person_8790,45
8791,9696,701,Person_8791,38
8792,1427,2353,Person_8792,30
8793,7402,4285,Person_8793,26
8794,5747,8986,Person_8794,41
8795,8895,2740,Person_8795,70
8796,3023,5312,Person_8796,80
8797,9306,3558,Person_8797,48
8798,475,2850,Person_8798,46
8799,7531,9897,Person_8799,49
8800,7389,1332,Person_8800,50
8801,4778,3124,Person_8801,46
8802,4022,1631,Person_8802,44
8803,8014,5642,Person_8803,53
8804,2375,3039,Person_8804,21
8805,1825,4242,Person_8805,78
8806,5688,4914,Person_8806,55
8807,4255,5791,Person_8807,80
8808,4438,3162,Person_8808,22
8809,8422,2322,Person_8809,38
8810,274,5484,Person_8810,36
8811,5702,3256,Person_8811,43
8812,1502,5396,Person_8812,34
8813,3819,5070,Person_8813,47
8814,9402,1445,Person_8814,55
8815,6504,7682,Person_8815,77
8816,7850,6738,Person_8816,45
8817,1908,5638,Person_8817,43
8818,8398,3867,Person_8818,58
8819,1067,5167,Person_8819,57
8820,2986,3480,Person_8820,25
8821,4182,780,Person_8821,59
8822,3945,5516,Person_8822,80
8823,1112,2121,Person_8823,80
8824,3349,4874,Person_8824,23
8825,1437,1443,Person_8825,59
8826,4057,5590,Person_8826,46
8827,3456,5980,Person_8827,40
8828,4377,8607,Person_8828,18
8829,37,7041,Person_8829,44
8830,9355,1931,Person_8830,79
8831,8317,8123,Person_8831,63
8832,3133,6851,Person_8832,79
8833,4369,5984,Person_8833,63
8834,321,6037,Person_8834,45
8835,9902,9224,Person_8835,41
8836,8521,812,Person_8836,34
8837,5478,8145,Person_8837,64
8838,5286,6480,Person_8838,19
8839,5678,3242,Person_8839,71
8840,4575,6186,Person_8840,79
8841,5842,9858,Person_8841,58
8842,2511,9571,Person_8842,47
8843,1647,362,Person_8843,67
8844,2266,3941,Person_8844,55
8845,3123,8263,Person_8845,56
8846,8685,7288,Person_8846,44
8847,7211,8354,Person_8847,55
8848,5689,7506,Person_8848,53
8849,3270,1923,Person_8849,46
8850,6756,7200,Person_8850,46
8851,9792,9792,Person_8851,44
8852,4450,2220,Person_8852,54
8853,988,6455,Person_8853,76
8854,4544,2095,Person_8854,53
8855,8313,2025,Person_8855,24
8856,401,3540,Person_8856,49
8857,4570,2392,Person_8857,56
8858,4633,4496,Person_8858,25
8859,5711,5769,Person_8859,30
8860,1490,5488,Person_8860,64
8861,4646,1026,Person_8861,51
8862,9628,9734,Person_8862,28
8863,7375,6668,Person_8863,64
8864,2372,4766,Person_8864,50
8865,4828,8543,Person_8865,21
8866,5435,339,Person_8866,74
8867,2232,9459,Person_8867,44
8868,2744,855,Person_8868,45
8869,2330,1929,Person_8869,40
8870,9269,6529,Person_8870,29
8871,1650,5910,Person_8871,27
8872,5328,8936,Person_8872,30
8873,5188,4726,Person_8873,70
8874,664,6576,Person_8874,55
8875,301,1051,Person_8875,21
8876,5694,3727,Person_8876,47
8877,8127,8513,Person_8877,48
8878,8317,1993,Person_8878,42
8879,8413,6487,Person_8879,74
8880,5965,1993,Person_8880,66
8881,4992,6318,Person_8881,65
8882,4603,6192,Person_8882,44
8883,8369,8920,Person_8883,60
8884,8751,2987,Person_8884,50
8885,5811,6650,Person_8885,43
8886,2065,7118,Person_8886,30
8887,4960,1451,Person_8887,40
8888,1117,405,Person_8888,18
8889,218,3579,Person_8889,49
8890,9860,6307,Person_8890,52
8891,7283,1592,Person_8891,59
8892,8010,4452,Person_8892,37
8893,3731,8112,Person_8893,56
8894,1996,9628,Person_8894,41
8895,4656,6117,Person_8895,71
8896,1454,4011,Person_8896,71
8897,2366,5347,Person_8897,50
8898,6147,8944,Person_8898,67
8899,8046,8055,Person_8899,35
8900,4972,4750,Person_8900,80
8901,2552,324,Person_8901,30
8902,5350,7439,Person_8902,59
8903,3626,8099,Person_8903,73
8904,2472,164,Person_8904,58
8905,3632,1045,Person_8905,55
8906,7646,9830,Person_8906,48
8907,1543,6729,Person_8907,72
8908,6580,4261,Person_8908,52
8909,6069,9116,Person_8909,40
8910,5609,6125,Person_8910,73
8911,2461,6344,Person_8911,45
8912,7550,7341,Person_8912,66
8913,7157,5770,Person_8913,46
8914,4234,4595,Person_8914,41
8915,8727,1074,Person_8915,36
8916,4088,2390,Person_8916,76
8917,4805,866,Person_8917,20
8918,7830,8188,Person_8918,27
8919,3387,8850,Person_8919,72
8920,7049,3983,Person_8920,80
8921,4336,6194,Person_8921,23
8922,5434,3918,Person_8922,34
8923,967,3303,Person_8923,57
8924,4596,93,Person_8924,68
8925,1055,1130,Person_8925,75
8926,2612,2778,Person_8926,57
8927,2190,1030,Person_8927,34
8928,68,368,Person_8928,53
8929,6632,8039,Person_8929,53
8930,435,3124,Person_8930,42
8931,6125,930,Person_8931,46
8932,7396,6608,Person_8932,25
8933,6881,9124,Person_8933,47
8934,2336,9665,Person_8934,45
8935,9458,1256,Person_8935,63
8936,644,1753,Person_8936,59
8937,6359,5619,Person_8937,64
8938,9216,6379,Person_8938,78
8939,7364,511,Person_8939,34
8940,6298,6967,Person_8940,50
8941,103,9406,Person_8941,57
8942,7355,578,Person_8942,34
8943,346,6187,Person_8943,76
8944,2410,996,Person_8944,29
8945,2537,5776,Person_8945,45
8946,6699,3852,Person_8946,25
8947,6852,9641,Person_8947,79
8948,8941,2034,Person_8948,20
8949,7918,948,Person_8949,33
8950,5675,1994,Person_8950,28
8951,894,3489,Person_8951,26
8952,6831,7119,Person_8952,24
8953,6433,1246,Person_8953,28
8954,7403,531,Person_8954,78
8955,8794,3099,Person_8955,31
8956,7653,7703,Person_8956,62
8957,935,767,Person_8957,68
8958,128,7036,Person_8958,59
8959,4454,5562,Person_8959,58
8960,7827,2045,Person_8960,33
8961,3846,959,Person_8961,36
8962,5627,4111,Person_8962,38
8963,8852,9366,Person_8963,38
8964,2699,3701,Person_8964,55
8965,1262,4086,Person_8965,35
8966,8867,1730,Person_8966,57
8967,6313,8047,Person_8967,23
8968,9436,3347,Person_8968,73
8969,9441,1064,Person_8969,54
8970,8868,8929,Person_8970,60
8971,9747,6062,Person_8971,66
8972,4088,8464,Person_8972,51
8973,3845,925,Person_8973,39
8974,6244,6663,Person_8974,32
8975,4230,3087,Person_8975,45
8976,95,9438,Person_8976,33
8977,7464,8816,Person_8977,55
8978,9274,6889,Person_8978,51
8979,9823,8222,Person_8979,71
8980,681,3767,Person_8980,19
8981,2223,4987,Person_8981,50
8982,8695,9284,Person_8982,48
8983,806,3837,Person_8983,24
8984,8776,6096,Person_8984,38
8985,5374,3872,Person_8985,37
8986,2655,3150,Person_8986,61
8987,6172,633,Person_8987,31
8988,9854,2924,Person_8988,31
8989,5201,6412,Person_8989,69
8990,9115,2572,Person_8990,66
8991,5888,6295,Person_8991,28
8992,2779,516,Person_8992,39
8993,7516,9988,Person_8993,33
8994,2718,1659,Person_8994,18
8995,2661,7007,Person_8995,58
8996,9351,6806,Person_8996,58
8997,3346,6480,Person_8997,19
8998,5023,2756,Person_8998,66
8999,1403,6342,Person_8999,20
9000,9497,7170,Person_9000,65
9001,6754,4922,Person_9001,26
9002,3786,4335,Person_9002,80
9003,5028,1847,Person_9003,41
9004,7385,2716,Person_9004,77
9005,6682,3192,Person_9005,28
9006,7581,7214,Person_9006,63
9007,6782,8903,Person_9007,48
9008,8956,6735,Person_9008,27
9009,6592,4194,Person_9009,64
9010,9641,3817,Person_9010,65
9011,247,9075,Person_9011,32
9012,3527,8294,Person_9012,77
9013,2936,9401,Person_9013,25
9014,1326,7018,Person_9014,27
9015,9803,8616,Person_9015,68
9016,5398,6605,Person_9016,76
9017,9484,754,Person_9017,35
9018,6720,5889,Person_9018,55
9019,3830,7657,Person_9019,80
9020,8356,885,Person_9020,60
9021,9730,4959,Person_9021,58
9022,2261,8199,Person_9022,61
9023,8150,28,Person_9023,26
9024,1649,8032,Person_9024,20
9025,7764,3274,Person_9025,52
9026,4243,387,Person_9026,34
9027,7204,1367,Person_9027,77
9028,9892,4224,Person_9028,43
9029,1712,4171,Person_9029,72
9030,7124,8106,Person_9030,49
9031,4882,9015,Person_9031,71
9032,4672,8598,Person_9032,53
9033,3887,117,Person_9033,36
9034,7553,5377,Person_9034,66
9035,7532,342,Person_9035,51
9036,1764,1094,Person_9036,75
9037,9757,170,Person_9037,65
9038,7933,5135,Person_9038,51
9039,1016,5703,Person_9039,78
9040,1212,7872,Person_9040,66
9041,5733,1710,Person_9041,69
9042,8433,5384,Person_9042,57
9043,3011,3644,Person_9043,68
9044,2721,4771,Person_9044,26
9045,6123,985,Person_9045,56
9046,3443,6988,Person_9046,47
9047,679,2776,Person_9047,49
9048,9015,1104,Person_9048,51
9049,3722,2496,Person_9049,70
9050,3178,8241,Person_9050,60
9051,5859,418,Person_9051,37
9052,9785,3428,Person_9052,33
9053,8161,5047,Person_9053,18
9054,600,4830,Person_9054,48
9055,633,4677,Person_9055,18
9056,9753,5068,Person_9056,63
9057,9662,2351,Person_9057,49
9058,7184,815,Person_9058,21
9059,3297,4882,Person_9059,26
9060,489,8653,Person_9060,41
9061,1218,3219,Person_9061,45
9062,5031,1133,Person_9062,33
9063,696,158,Person_9063,68
9064,990,3875,Person_9064,72
9065,9174,9959,Person_9065,30
9066,8412,4441,Person_9066,50
9067,2473,212,Person_9067,53
9068,8970,2064,Person_9068,26
9069,2057,889,Person_9069,63
9070,7280,7717,Person_9070,68
9071,2840,6816,Person_9071,18
9072,7587,311,Person_9072,50
9073,7075,6248,Person_9073,74
9074,3638,832,Person_9074,43
9075,8535,6942,Person_9075,67
9076,5935,9967,Person_9076,40
9077,8565,7842,Person_9077,77
9078,2691,5497,Person_9078,44
9079,331,4275,Person_9079,37
9080,2204,4702,Person_9080,60
9081,3903,6096,Person_9081,52
9082,3489,1879,Person_9082,74
9083,7619,7190,Person_9083,80
9084,6907,3725,Person_9084,33
9085,9945,503,Person_9085,70
9086,6711,4944,Person_9086,31
9087,5178,7043,Person_9087,49
9088,2689,8756,Person_9088,33
9089,6686,6925,Person_9089,72
9090,9503,7587,Person_9090,50
9091,9053,8921,Person_9091,66
9092,3779,8141,Person_9092,55
9093,8566,9971,Person_9093,79
9094,7925,6196,Person_9094,67
9095,4511,7181,Person_9095,26
9096,8787,7793,Person_9096,70
9097,1720,2857,Person_9097,63
9098,567,294,Person_9098,25
9099,1812,9949,Person_9099,63
9100,6409,1738,Person_9100,62
9101,6062,521,Person_9101,47
9102,7435,3126,Person_9102,56
9103,9918,4012,Person_9103,19
9104,1151,8196,Person_9104,41
9105,9089,7010,Person_9105,66
9106,6329,5323,Person_9106,69
9107,526,5865,Person_9107,23
9108,3779,7877,Person_9108,69
9109,3906,2686,Person_9109,71
9110,1060,8628,Person_9110,38
9111,8883,8914,Person_9111,49
9112,4305,4503,Person_9112,70
9113,9069,8667,Person_9113,57
9114,8580,6141,Person_9114,31
9115,3871,5732,Person_9115,59
9116,6856,5909,Person_9116,75
9117,7710,7217,Person_9117,42
9118,636,3602,Person_9118,47
9119,6754,9924,Person_9119,19
9120,61,9733,Person_9120,71
9121,5445,8446,Person_9121,77
9122,7665,9085,Person_9122,66
9123,7372,9379,Person_9123,65
9124,3246,4997,Person_9124,56
9125,8058,2971,Person_9125,25
9126,4174,1384,Person_9126,38
9127,9654,6309,Person_9127,65
9128,825,5888,Person_9128,80
9129,3714,9903,Person_9129,33
9130,94,1092,Person_9130,34
9131,8484,1934,Person_9131,25
9132,9026,8030,Person_9132,65
9133,471,8716,Person_9133,54
9134,3182,7877,Person_9134,50
9135,156,7844,Person_9135,52
9136,6001,1785,Person_9136,53
9137,672,4511,Person_9137,39
9138,7577,9505,Person_9138,55
9139,7374,111,Person_9139,36
9140,1169,6956,Person_9140,63
9141,8865,3670,Person_9141,49
9142,7981,428,Person_9142,24
9143,2290,5524,Person_9143,24
9144,3305,3655,Person_9144,60
9145,332,7046,Person_9145,58
9146,7403,3633,Person_9146,52
9147,572,1980,Person_9147,59
9148,3743,140,Person_9148,63
9149,2156,4668,Person_9149,59
9150,8389,5467,Person_9150,73
9151,8027,5872,Person_9151,29
9152,1982,8624,Person_9152,27
9153,8427,7817,Person_9153,22
9154,7823,2215,Person_9154,67
9155,2230,1668,Person_9155,69
9156,8503,7921,Person_9156,35
9157,1087,1009,Person_9157,32
9158,1746,3273,Person_9158,31
9159,8788,3043,Person_9159,47
9160,9012,7006,Person_9160,68
9161,9244,2741,Person_9161,58
9162,8413,2956,Person_9162,18
9163,1741,5561,Person_9163,58
9164,2484,888,Person_9164,28
9165,3829,4032,Person_9165,41
9166,6286,4531,Person_9166,37
9167,417,2084,Person_9167,25
9168,703,6890,Person_9168,35
9169,6708,9478,Person_9169,36
9170,8415,3005,Person_9170,38
9171,5932,1436,Person_9171,49
9172,7203,2827,Person_9172,79
9173,4828,6457,Person_9173,41
9174,6068,5897,Person_9174,48
9175,9963,7059,Person_9175,69
9176,1364,750,Person_9176,56
9177,7094,9260,Person_9177,46
9178,4398,187,Person_9178,32
9179,9306,7433,Person_9179,71
9180,8410,9431,Person_9180,42
9181,7745,3005,Person_9181,53
9182,1062,9950,Person_9182,60
9183,1458,2989,Person_9183,20
9184,4174,4290,Person_9184,19
9185,6334,2335,Person_9185,72
9186,8261,5388,Person_9186,44
9187,419,984,Person_9187,50
9188,3806,75,Person_9188,49
9189,7735,3992,Person_9189,60
9190,165,7639,Person_9190,49
9191,3330,271,Person_9191,30
9192,4746,6323,Person_9192,21
9193,4516,8136,Person_9193,76
9194,2286,1505,Person_9194,34
9195,6327,9270,Person_9195,25
9196,6910,6226,Person_9196,44
9197,2315,3892,Person_9197,76
9198,4890,9143,Person_9198,25
9199,5543,765,Person_9199,23
9200,6566,7258,Person_9200,46
9201,6132,4163,Person_9201,19
9202,5471,6407,Person_9202,46
9203,5083,8482,Person_9203,20
9204,1302,2722,Person_9204,72
9205,7504,6958,Person_9205,54
9206,4962,9622,Person_9206,63
9207,5083,489,Person_9207,61
9208,2998,6036,Person_9208,35
9209,1126,4470,Person_9209,79
9210,6718,2417,Person_9210,23
9211,1850,28,Person_9211,76
9212,7511,451,Person_9212,69
9213,5596,4242,Person_9213,21
9214,6913,9535,Person_9214,58
9215,8562,3092,Person_9215,21
9216,6921,7580,Person_9216,71
9217,4085,5030,Person_9217,73
9218,1685,7675,Person_9218,77
9219,3597,3790,Person_9219,41
9220,7172,7098,Person_9220,45
9221,5771,4885,Person_9221,18
9222,5904,9132,Person_9222,18
9223,274,7195,Person_9223,80
9224,4,5221,Person_9224,39
9225,6331,2332,Person_9225,51
9226,3390,6653,Person_9226,66
9227,4917,9655,Person_9227,35
9228,6705,7365,Person_9228,63
9229,9481,2622,Person_9229,52
9230,2019,1641,Person_9230,51
9231,6122,5012,Person_9231,30
9232,8170,5848,Person_9232,61
9233,9705,3210,Person_9233,51
9234,366,4208,Person_9234,62
9235,7587,1739,Person_9235,34
9236,5992,1243,Person_9236,44
9237,316,6403,Person_9237,68
9238,9581,8754,Person_9238,75
9239,7010,3746,Person_9239,62
9240,5170,2567,Person_9240,50
9241,2660,6624,Person_9241,78
9242,9451,9494,Person_9242,18
9243,4101,7541,Person_9243,64
9244,935,2995,Person_9244,39
9245,822,2607,Person_9245,48
9246,7655,1965,Person_9246,19
9247,2707,325,Person_9247,67
9248,1934,6187,Person_9248,32
9249,2232,3941,Person_9249,23
9250,3723,2540,Person_9250,45
9251,7703,9388,Person_9251,65
9252,703,5472,Person_9252,58
9253,7889,1712,Person_9253,34
9254,7558,1367,Person_9254,51
9255,6717,9405,Person_9255,28
9256,8664,5144,Person_9256,40
9257,1702,4739,Person_9257,43
9258,4763,3555,Person_9258,34
9259,7491,805,Person_9259,35
9260,1777,2329,Person_9260,79
9261,4500,8083,Person_9261,37
9262,2280,8563,Person_9262,79
9263,9522,2390,Person_9263,31
9264,6302,2974,Person_9264,20
9265,8521,5966,Person_9265,57
9266,7125,4101,Person_9266,76
9267,5631,6542,Person_9267,55
9268,2615,4375,Person_9268,80
9269,5544,9393,Person_9269,70
9270,7167,3695,Person_9270,52
9271,8961,2933,Person_9271,54
9272,262,6124,Person_9272,41
9273,1575,3184,Person_9273,51
9274,2273,5689,Person_9274,60
9275,7205,7335,Person_9275,55
9276,4865,2728,Person_9276,75
9277,3492,8573,Person_9277,68
9278,4726,61,Person_9278,30
9279,1712,5302,Person_9279,30
9280,5138,674,Person_9280,44
9281,9915,9276,Person_9281,39
9282,6443,7507,Person_9282,63
9283,8907,4528,Person_9283,75
9284,3561,5345,Person_9284,19
9285,2207,4120,Person_9285,19
9286,4395,6237,Person_9286,33
9287,6523,5608,Person_9287,28
9288,6391,5795,Person_9288,67
9289,3518,7239,Person_9289,53
9290,8689,858,Person_9290,22
9291,6610,2396,Person_9291,36
9292,619,3412,Person_9292,36
9293,1237,1613,Person_9293,78
9294,1409,8787,Person_9294,43
9295,2212,5717,Person_9295,48
9296,2178,708,Person_9296,28
9297,5182,8252,Person_9297,66
9298,3459,4790,Person_9298,73
9299,2867,3164,Person_9299,71
9300,6876,9485,Person_9300,73
9301,7114,7606,Person_9301,79
9302,9748,204,Person_9302,75
9303,7433,1184,Person_9303,26
9304,198,3152,Person_9304,46
9305,2511,4303,Person_9305,20
9306,4919,1881,Person_9306,27
9307,6298,6045,Person_9307,41
9308,5977,3488,Person_9308,68
9309,5109,7907,Person_9309,37
9310,8701,7269,Person_9310,37
9311,403,5018,Person_9311,78
9312,4842,3346,Person_9312,53
9313,6309,6193,Person_9313,62
9314,9881,9381,Person_9314,68
9315,5297,9526,Person_9315,35
9316,3736,5099,Person_9316,36
9317,6269,8060,Person_9317,46
9318,2827,5483,Person_9318,62
9319,2816,1512,Person_9319,74
9320,8735,5475,Person_9320,50
9321,4524,9306,Person_9321,37
9322,1267,8498,Person_9322,59
9323,5331,2214,Person_9323,24
9324,9641,7379,Person_9324,18
9325,6265,5402,Person_9325,73
9326,8562,5952,Person_9326,54
9327,9657,4094,Person_9327,62
9328,8395,6128,Person_9328,53
9329,3990,7847,Person_9329,45
9330,4893,5563,Person_9330,55
9331,2140,7233,Person_9331,56
9332,4075,105,Person_9332,66
9333,9093,42,Person_9333,35
9334,6534,1681,Person_9334,52
9335,7838,2056,Person_9335,25
9336,7024,1578,Person_9336,39
9337,9855,2793,Person_9337,70
9338,669,4160,Person_9338,26
9339,2866,8031,Person_9339,55
9340,98,1118,Person_9340,73
9341,7089,7611,Person_9341,32
9342,3389,4809,Person_9342,34
9343,5893,5557,Person_9343,36
9344,2043,719,Person_9344,52
9345,4809,7484,Person_9345,64
9346,7547,6632,Person_9346,53
9347,2548,1304,Person_9347,53
9348,5790,1700,Person_9348,21
9349,2221,8024,Person_9349,56
9350,9273,6153,Person_9350,25
9351,8536,6631,Person_9351,71
9352,8245,1944,Person_9352,24
9353,9247,4017,Person_9353,38
9354,5600,9429,Person_9354,39
9355,1000,5841,Person_9355,18
9356,9215,6029,Person_9356,45
9357,7755,6099,Person_9357,66
9358,5434,707,Person_9358,28
9359,4614,682,Person_9359,48
9360,1030,143,Person_9360,66
9361,3217,8194,Person_9361,32
9362,8871,507,Person_9362,77
9363,2694,4432,Person_9363,32
9364,5667,6920,Person_9364,22
9365,299,686,Person_9365,49
9366,1562,183,Person_9366,40
9367,1978,5229,Person_9367,30
9368,1594,4891,Person_9368,56
9369,3195,9877,Person_9369,56
9370,662,2392,Person_9370,26
9371,9504,1317,Person_9371,30
9372,6844,3321,Person_9372,28
9373,6460,5855,Person_9373,32
9374,4766,8462,Person_9374,63
9375,7510,7835,Person_9375,77
9376,5846,5766,Person_9376,36
9377,4411,9293,Person_9377,20
9378,8669,7439,Person_9378,31
9379,4272,498,Person_9379,78
9380,5963,6259,Person_9380,60
9381,4171,760,Person_9381,79
9382,6159,3931,Person_9382,31
9383,9313,3839,Person_9383,21
9384,6400,9979,Person_9384,53
9385,9572,9138,Person_9385,31
9386,977,3612,Person_9386,52
9387,5318,9207,Person_9387,41
9388,8169,984,Person_9388,71
9389,4007,2005,Person_9389,19
9390,7104,5758,Person_9390,37
9391,4225,1760,Person_9391,41
9392,4416,3057,Person_9392,63
9393,5833,1731,Person_9393,18
9394,4116,7213,Person_9394,69
9395,745,4953,Person_9395,58
9396,3370,8084,Person_9396,28
9397,9153,6842,Person_9397,42
9398,9228,4204,Person_9398,64
9399,1349,1221,Person_9399,53
9400,5149,7805,Person_9400,65
9401,1015,4450,Person_9401,31
9402,8331,1881,Person_9402,65
9403,3595,7580,Person_9403,63
9404,5440,1820,Person_9404,21
9405,6630,7117,Person_9405,69
9406,6405,2572,Person_9406,38
9407,8865,2565,Person_9407,50
9408,534,5931,Person_9408,72
9409,9668,4887,Person_9409,62
9410,1549,5079,Person_9410,61
9411,5423,9460,Person_9411,49
9412,4719,6731,Person_9412,37
9413,3095,5340,Person_9413,58
9414,4931,3710,Person_9414,60
9415,1218,6746,Person_9415,22
9416,1942,7296,Person_9416,34
9417,9090,6268,Person_9417,63
9418,5216,2290,Person_9418,62
9419,3006,2411,Person_9419,71
9420,1232,1341,Person_9420,44
9421,61,5063,Person_9421,76
9422,1564,3871,Person_9422,75
9423,7197,6634,Person_9423,55
9424,53,821,Person_9424,66
9425,3032,569,Person_9425,40
9426,7491,5784,Person_9426,54
9427,54,7919,Person_9427,42
9428,8204,1968,Person_9428,21
9429,7534,450,Person_9429,59
9430,8513,5347,Person_9430,30
9431,5111,7380,Person_9431,48
9432,1573,6897,Person_9432,35
9433,4945,9287,Person_9433,27
9434,2940,740,Person_9434,52
9435,2968,3559,Person_9435,45
9436,3838,7026,Person_9436,40
9437,3457,1393,Person_9437,76
9438,2121,9279,Person_9438,77
9439,2450,9533,Person_9439,40
9440,1943,7232,Person_9440,64
9441,5214,4166,Person_9441,70
9442,9791,4315,Person_9442,29
9443,9564,1821,Person_9443,31
9444,5235,8736,Person_9444,51
9445,2233,1301,Person_9445,35
9446,2926,7769,Person_9446,29
9447,9543,8403,Person_9447,54
9448,5429,8736,Person_9448,31
9449,9072,7397,Person_9449,23
9450,5689,5696,Person_9450,43
9451,3359,848,Person_9451,71
9452,326,5445,Person_9452,22
9453,209,8570,Person_9453,80
9454,5559,5838,Person_9454,20
9455,2090,6082,Person_9455,72
9456,9895,7674,Person_9456,38
9457,9674,8384,Person_9457,78
9458,4480,9683,Person_9458,61
9459,7450,723,Person_9459,49
9460,6116,3547,Person_9460,78
9461,2449,6246,Person_9461,34
9462,1546,1433,Person_9462,53
9463,5675,7700,Person_9463,43
9464,5432,5618,Person_9464,41
9465,1703,1999,Person_9465,39
9466,3495,1030,Person_9466,66
9467,1558,6820,Person_9467,45
9468,2710,4965,Person_9468,32
9469,6203,1120,Person_9469,74
9470,5407,6346,Person_9470,62
9471,4209,5912,Person_9471,62
9472,4473,4713,Person_9472,51
9473,2663,2944,Person_9473,69
9474,520,5651,Person_9474,50
9475,2779,6986,Person_9475,64
9476,1475,5219,Person_9476,22
9477,1623,178,Person_9477,55
9478,4700,3353,Person_9478,51
9479,8870,4167,Person_9479,54
9480,6114,1080,Person_9480,45
9481,9773,8529,Person_9481,40
9482,369,9259,Person_9482,37
9483,6556,3530,Person_9483,27
9484,5614,5823,Person_9484,69
9485,2047,5894,Person_9485,77
9486,3152,1158,Person_9486,22
9487,1754,8253,Person_9487,58
9488,5661,6266,Person_9488,23
9489,6311,1770,Person_9489,74
9490,3914,9094,Person_9490,18
9491,9798,3664,Person_9491,22
9492,2800,1086,Person_9492,46
9493,5548,9786,Person_9493,62
9494,9888,4496,Person_9494,44
9495,9580,8611,Person_9495,77
9496,5168,7088,Person_9496,38
9497,7794,747,Person_9497,57
9498,2113,6887,Person_9498,64
9499,3083,3058,Person_9499,69
9500,6424,2234,Person_9500,59
9501,6423,8113,Person_9501,62
9502,1279,3660,Person_9502,74
9503,2319,7113,Person_9503,66
9504,5221,2530,Person_9504,74
9505,2119,3254,Person_9505,56
9506,1809,2068,Person_9506,23
9507,2722,5237,Person_9507,79
9508,2022,8218,Person_9508,35
9509,9817,7117,Person_9509,55
9510,8350,9933,Person_9510,69
9511,3769,1403,Person_9511,61
9512,760,2836,Person_9512,37
9513,3488,59,Person_9513,58
9514,7200,3453,Person_9514,59
9515,1775,2289,Person_9515,74
9516,9014,3498,Person_9516,52
9517,5136,5526,Person_9517,24
9518,8520,3643,Person_9518,30
9519,8935,7419,Person_9519,80
9520,6293,2334,Person_9520,27
9521,607,6081,Person_9521,53
9522,7514,962,Person_9522,33
9523,1160,2524,Person_9523,52
9524,5026,9327,Person_9524,72
9525,953,9550,Person_9525,27
9526,1014,5869,Person_9526,78
9527,1598,7889,Person_9527,33
9528,483,7087,Person_9528,27
9529,6085,8322,Person_9529,58
9530,5510,5194,Person_9530,46
9531,781,434,Person_9531,54
9532,3687,2966,Person_9532,38
9533,2765,4087,Person_9533,60
9534,2556,5500,Person_9534,71
9535,270,3854,Person_9535,56
9536,4426,7299,Person_9536,66
9537,8113,671,Person_9537,66
9538,9408,5165,Person_9538,21
9539,5347,32,Person_9539,19
9540,5791,1864,Person_9540,58
9541,7753,9880,Person_9541,50
9542,8512,4739,Person_9542,27
9543,7485,1254,Person_9543,70
9544,6312,9932,Person_9544,46
9545,4591,2131,Person_9545,33
9546,800,7847,Person_9546,18
9547,9380,9824,Person_9547,36
9548,5263,7575,Person_9548,66
9549,2316,9429,Person_9549,74
9550,5741,645,Person_9550,59
9551,449,925,Person_9551,48
9552,1166,4257,Person_9552,52
9553,9867,4349,Person_9553,51
9554,6375,7698,Person_9554,73
9555,3129,8535,Person_9555,43
9556,392,5234,Person_9556,36
9557,7389,3216,Person_9557,58
9558,521,2515,Person_9558,37
9559,7964,370,Person_9559,66
9560,8509,5069,Person_9560,78
9561,5852,2097,Person_9561,57
9562,9088,3537,Person_9562,41
9563,6438,3611,Person_9563,25
9564,1768,1801,Person_9564,66
9565,5278,3504,Person_9565,57
9566,7233,5865,Person_9566,18
9567,6956,4068,Person_9567,52
9568,1237,9496,Person_9568,56
9569,6966,8744,Person_9569,73
9570,1908,1901,Person_9570,24
9571,6077,758,Person_9571,51
9572,1881,1436,Person_9572,41
9573,5300,8032,Person_9573,52
9574,5031,5340,Person_9574,46
9575,565,5681,Person_9575,49
9576,1003,3453,Person_9576,42
9577,4423,5076,Person_9577,57
9578,1366,4199,Person_9578,33
9579,6248,4790,Person_9579,20
9580,4444,1190,Person_9580,72
9581,7640,6493,Person_9581,64
9582,7327,6080,Person_9582,31
9583,2627,4491,Person_9583,55
9584,7581,9591,Person_9584,25
9585,1195,2376,Person_9585,35
9586,2051,9219,Person_9586,23
9587,5185,8496,Person_9587,53
9588,3491,8388,Person_9588,62
9589,6278,5153,Person_9589,37
9590,8023,1515,Person_9590,56
9591,454,2976,Person_9591,50
9592,1957,6555,Person_9592,33
9593,3515,3607,Person_9593,67
9594,7702,4704,Person_9594,69
9595,4574,3336,Person_9595,25
9596,2380,6265,Person_9596,44
9597,79,8023,Person_9597,61
9598,7271,9370,Person_9598,25
9599,8224,5328,Person_9599,66
9600,2756,2606,Person_9600,29
9601,4757,7631,Person_9601,38
9602,2913,2870,Person_9602,24
9603,2642,269,Person_9603,73
9604,7499,1329,Person_9604,43
9605,7942,4645,Person_9605,28
9606,7535,7830,Person_9606,27
9607,4570,318,Person_9607,42
9608,33,9032,Person_9608,51
9609,1153,2961,Person_9609,66
9610,8941,5485,Person_9610,59
9611,7589,5821,Person_9611,55
9612,9439,9028,Person_9612,34
9613,8531,3096,Person_9613,54
9614,9121,2868,Person_9614,29
9615,2989,4578,Person_9615,44
9616,1174,2912,Person_9616,43
9617,3002,3752,Person_9617,39
9618,3676,2536,Person_9618,41
9619,8428,2308,Person_9619,24
9620,6802,8531,Person_9620,63
9621,9807,5179,Person_9621,27
9622,7839,6045,Person_9622,33
9623,7839,8228,Person_9623,72
9624,4988,3392,Person_9624,34
9625,310,176,Person_9625,55
9626,390,2539,Person_9626,34
9627,6064,6029,Person_9627,69
9628,7187,8881,Person_9628,30
9629,6569,6650,Person_9629,23
9630,214,5598,Person_9630,43
9631,5048,2601,Person_9631,65
9632,6422,8208,Person_9632,29
9633,2038,8496,Person_9633,18
9634,8443,1821,Person_9634,59
9635,8134,4350,Person_9635,61
9636,3369,6856,Person_9636,52
9637,9389,5891,Person_9637,19
9638,7180,4279,Person_9638,33
9639,3559,5096,Person_9639,45
9640,2865,8697,Person_9640,61
9641,2254,8109,Person_9641,28
9642,775,9202,Person_9642,64
9643,9789,6043,Person_9643,34
9644,4212,5873,Person_9644,74
9645,3582,1486,Person_9645,54
9646,222,2366,Person_9646,80
9647,5137,5799,Person_9647,64
9648,2045,3816,Person_9648,61
9649,6415,5743,Person_9649,71
9650,6611,4192,Person_9650,42
9651,1652,3188,Person_9651,71
9652,2954,766,Person_9652,42
9653,2391,8422,Person_9653,41
9654,2714,3618,Person_9654,32
9655,5341,8921,Person_9655,69
9656,6311,2443,Person_9656,22
9657,2386,2832,Person_9657,72
9658,6087,3074,Person_9658,33
9659,1610,4850,Person_9659,34
9660,6090,9675,Person_9660,68
9661,6818,228,Person_9661,22
9662,6425,3838,Person_9662,23
9663,6965,4119,Person_9663,19
9664,1491,788,Person_9664,69
9665,1632,641,Person_9665,35
9666,9227,2047,Person_9666,59
9667,4927,2626,Person_9667,23
9668,6238,7322,Person_9668,60
9669,5884,3402,Person_9669,21
9670,6575,8941,Person_9670,26
9671,9495,4352,Person_9671,46
9672,1616,8008,Person_9672,66
9673,2164,771,Person_9673,52
9674,6094,1948,Person_9674,68
9675,3690,5288,Person_9675,18
9676,2928,4018,Person_9676,66
9677,4884,5066,Person_9677,61
9678,1998,1471,Person_9678,52
9679,1607,5134,Person_9679,65
9680,6067,4712,Person_9680,24
9681,8403,1694,Person_9681,34
9682,9363,7715,Person_9682,19
9683,3180,7584,Person_9683,56
9684,4800,9704,Person_9684,48
9685,72,5387,Person_9685,45
9686,3460,1996,Person_9686,66
9687,9085,4890,Person_9687,64
9688,8559,3931,Person_9688,60
9689,13,9879,Person_9689,67
9690,2819,4835,Person_9690,28
9691,8216,4680,Person_9691,47
9692,1962,6544,Person_9692,71
9693,2381,7246,Person_9693,30
9694,3875,7484,Person_9694,38
9695,2857,9058,Person_9695,78
9696,6754,1040,Person_9696,65
9697,13,8062,Person_9697,28
9698,5406,2222,Person_9698,59
9699,192,8404,Person_9699,50
9700,5709,3439,Person_9700,42
9701,8150,4396,Person_9701,37
9702,9976,704,Person_9702,28
9703,231,7271,Person_9703,53
9704,4374,47,Person_9704,27
9705,324,389,Person_9705,55
9706,3849,6123,Person_9706,38
9707,7320,3386,Person_9707,67
9708,3439,411,Person_9708,61
9709,479,367,Person_9709,37
9710,864,8756,Person_9710,70
9711,2612,2874,Person_9711,68
9712,1445,6842,Person_9712,48
9713,8099,8690,Person_9713,52
9714,899,8718,Person_9714,31
9715,9658,7348,Person_9715,29
9716,2704,4927,Person_9716,68
9717,1457,7967,Person_9717,70
9718,2407,683,Person_9718,58
9719,3246,5401,Person_9719,23
9720,5044,2889,Person_9720,20
9721,4864,3665,Person_9721,34
9722,4117,463,Person_9722,25
9723,3975,7132,Person_9723,57
9724,1461,1031,Person_9724,77
9725,3157,6822,Person_9725,80
9726,9159,9386,Person_9726,24
9727,5572,8880,Person_9727,63
9728,3054,771,Person_9728,45
9729,8098,5579,Person_9729,29
9730,9418,2835,Person_9730,70
9731,8406,4617,Person_9731,21
9732,1932,3627,Person_9732,70
9733,4538,5273,Person_9733,21
9734,6906,7029,Person_9734,41
9735,545,6285,Person_9735,66
9736,8534,6449,Person_9736,59
9737,507,2103,Person_9737,20
9738,2221,7542,Person_9738,38
9739,5447,3498,Person_9739,73
9740,4643,9007,Person_9740,40
9741,4517,2237,Person_9741,59
9742,4693,2251,Person_9742,18
9743,4459,9678,Person_9743,64
9744,8362,2003,Person_9744,75
9745,3333,727,Person_9745,35
9746,5463,181,Person_9746,26
9747,3440,8627,Person_9747,79
9748,5204,9939,Person_9748,26
9749,5692,6030,Person_9749,61
9750,2075,84,Person_9750,59
9751,63,6280,Person_9751,22
9752,4291,2331,Person_9752,26
9753,8519,2249,Person_9753,35
9754,1330,6368,Person_9754,28
9755,9860,3725,Person_9755,25
9756,4709,2023,Person_9756,65
9757,5262,898,Person_9757,27
9758,2064,578,Person_9758,38
9759,4209,3919,Person_9759,73
9760,9977,7103,Person_9760,43
9761,8842,1951,Person_9761,69
9762,8517,5432,Person_9762,59
9763,9678,9710,Person_9763,41
9764,6029,832,Person_9764,26
9765,9641,2583,Person_9765,80
9766,4967,6243,Person_9766,23
9767,1831,3479,Person_9767,69
9768,1187,9550,Person_9768,45
9769,3563,8591,Person_9769,44
9770,519,2461,Person_9770,38
9771,3564,4547,Person_9771,43
9772,4025,3064,Person_9772,57
9773,6113,167,Person_9773,71
9774,6610,2652,Person_9774,57
9775,496,1437,Person_9775,76
9776,4768,2303,Person_9776,41
9777,3390,3337,Person_9777,79
9778,9159,9859,Person_9778,78
9779,8965,5476,Person_9779,53
9780,6124,1441,Person_9780,30
9781,4997,8141,Person_9781,24
9782,4823,5325,Person_9782,79
9783,168,124,Person_9783,56
9784,5720,5490,Person_9784,31
9785,6601,7989,Person_9785,78
9786,6716,4715,Person_9786,37
9787,3955,5437,Person_9787,22
9788,6262,784,Person_9788,56
9789,9864,5506,Person_9789,56
9790,885,9747,Person_9790,28
9791,2468,1394,Person_9791,47
9792,2450,9989,Person_9792,43
9793,3946,6571,Person_9793,39
9794,851,300,Person_9794,54
9795,705,2252,Person_9795,19
9796,5259,6546,Person_9796,56
9797,9751,1087,Person_9797,32
9798,8176,1994,Person_9798,70
9799,5732,6550,Person_9799,18
9800,5159,7820,Person_9800,39
9801,8643,8368,Person_9801,19
9802,3128,5675,Person_9802,79
9803,302,8081,Person_9803,77
9804,9310,2749,Person_9804,70
9805,2948,1403,Person_9805,40
9806,8690,5911,Person_9806,68
9807,6698,6095,Person_9807,55
9808,4041,8497,Person_9808,38
9809,3774,1397,Person_9809,43
9810,3946,2877,Person_9810,72
9811,2018,4765,Person_9811,25
9812,1627,8337,Person_9812,33
9813,383,6733,Person_9813,78
9814,8061,1435,Person_9814,60
9815,8932,2541,Person_9815,57
9816,7844,2608,Person_9816,26
9817,8490,2430,Person_9817,74
9818,5601,1191,Person_9818,53
9819,6538,5573,Person_9819,65
9820,8033,1058,Person_9820,59
9821,5246,6874,Person_9821,62
9822,8386,2231,Person_9822,59
9823,4782,5462,Person_9823,39
9824,4752,1363,Person_9824,33
9825,7635,5421,Person_9825,43
9826,7878,2497,Person_9826,41
9827,919,3310,Person_9827,43
9828,4469,9101,Person_9828,69
9829,1406,9129,Person_9829,51
9830,164,4130,Person_9830,24
9831,4060,620,Person_9831,75
9832,1986,169,Person_9832,56
9833,5386,9582,Person_9833,38
9834,7337,9533,Person_9834,20
9835,5511,2357,Person_9835,79
9836,7150,9378,Person_9836,31
9837,5468,7122,Person_9837,71
9838,8394,4635,Person_9838,51
9839,3664,3072,Person_9839,53
9840,3719,6235,Person_9840,21
9841,5391,8218,Person_9841,20
9842,3716,3608,Person_9842,22
9843,2480,8073,Person_9843,67
9844,9278,6542,Person_9844,31
9845,8088,5624,Person_9845,45
9846,5468,9693,Person_9846,67
9847,3309,6257,Person_9847,25
9848,5909,4770,Person_9848,32
9849,8183,1924,Person_9849,80
9850,2145,758,Person_9850,51
9851,5202,5654,Person_9851,33
9852,4349,167,Person_9852,73
9853,7396,8814,Person_9853,25
9854,7569,4283,Person_9854,56
9855,2783,786,Person_9855,29
9856,618,7464,Person_9856,68
9857,1803,4346,Person_9857,40
9858,1087,7722,Person_9858,38
9859,7624,9489,Person_9859,68
9860,8063,7753,Person_9860,49
9861,8990,942,Person_9861,68
9862,9244,1530,Person_9862,76
9863,6689,123,Person_9863,38
9864,266,2668,Person_9864,36
9865,4489,6753,Person_9865,24
9866,6733,4862,Person_9866,42
9867,5453,4397,Person_9867,27
9868,5750,5213,Person_9868,50
9869,3459,156,Person_9869,19
9870,7532,4708,Person_9870,41
9871,140,8794,Person_9871,31
9872,7281,1393,Person_9872,34
9873,129,1071,Person_9873,27
9874,1432,4319,Person_9874,75
9875,2611,661,Person_9875,78
9876,2060,4027,Person_9876,48
9877,5825,4737,Person_9877,19
9878,1317,1434,Person_9878,56
9879,7548,6894,Person_9879,62
9880,160,4402,Person_9880,23
9881,6002,8687,Person_9881,66
9882,1454,5950,Person_9882,30
9883,9200,8836,Person_9883,59
9884,6682,8864,Person_9884,46
9885,7941,6606,Person_9885,72
9886,7341,8269,Person_9886,29
9887,3251,7452,Person_9887,76
9888,1725,2419,Person_9888,59
9889,6488,4331,Person_9889,67
9890,6221,5608,Person_9890,79
9891,5590,3275,Person_9891,41
9892,2259,3674,Person_9892,76
9893,8131,5982,Person_9893,78
9894,6169,1629,Person_9894,59
9895,7963,3661,Person_9895,33
9896,5165,3848,Person_9896,41
9897,9433,4627,Person_9897,37
9898,2293,7519,Person_9898,41
9899,447,9734,Person_9899,68
9900,9658,6746,Person_9900,52
9901,5746,5363,Person_9901,35
9902,4886,1246,Person_9902,68
9903,2937,469,Person_9903,74
9904,5485,5440,Person_9904,31
9905,7411,8756,Person_9905,40
9906,6102,1679,Person_9906,30
9907,2725,6043,Person_9907,70
9908,2055,4208,Person_9908,25
9909,2302,1469,Person_9909,47
9910,5986,897,Person_9910,79
9911,2163,8615,Person_9911,77
9912,9069,221,Person_9912,29
9913,1691,3937,Person_9913,76
9914,7572,780,Person_9914,25
9915,5534,2343,Person_9915,36
9916,3325,2281,Person_9916,49
9917,7727,6781,Person_9917,20
9918,4789,8517,Person_9918,80
9919,1662,1625,Person_9919,70
9920,6733,4566,Person_9920,18
9921,8683,5187,Person_9921,66
9922,4956,4999,Person_9922,66
9923,868,2365,Person_9923,40
9924,75,934,Person_9924,70
9925,8556,9018,Person_9925,80
9926,6723,4841,Person_9926,26
9927,5812,272,Person_9927,71
9928,7015,9542,Person_9928,24
9929,3270,333,Person_9929,73
9930,7381,2520,Person_9930,60
9931,8425,8453,Person_9931,66
9932,7945,4653,Person_9932,29
9933,6574,3448,Person_9933,66
9934,1307,9091,Person_9934,62
9935,1824,8282,Person_9935,26
9936,5980,9213,Person_9936,38
9937,137,99,Person_9937,72
9938,4250,1314,Person_9938,21
9939,902,1648,Person_9939,80
9940,7695,4709,Person_9940,23
9941,8412,6473,Person_9941,65
9942,6335,3420,Person_9942,63
9943,6093,1536,Person_9943,58
9944,6443,378,Person_9944,78
9945,6013,4581,Person_9945,26
9946,5952,5651,Person_9946,27
9947,4955,2765,Person_9947,23
9948,6994,7751,Person_9948,42
9949,6296,9439,Person_9949,69
9950,9754,2161,Person_9950,41
9951,1252,3099,Person_9951,41
9952,8481,705,Person_9952,60
9953,6741,8625,Person_9953,30
9954,8099,5885,Person_9954,52
9955,6085,8490,Person_9955,49
9956,5410,7145,Person_9956,62
9957,4793,346,Person_9957,69
9958,2501,3024,Person_9958,46
9959,9375,476,Person_9959,73
9960,5192,6443,Person_9960,77
9961,9142,2576,Person_9961,31
9962,8974,4580,Person_9962,64
9963,9802,2963,Person_9963,27
9964,6488,9842,Person_9964,59
9965,4035,985,Person_9965,22
9966,9317,6319,Person_9966,59
9967,5424,8266,Person_9967,72
9968,1768,5557,Person_9968,48
9969,7504,2089,Person_9969,43
9970,8209,4202,Person_9970,42
9971,2470,252,Person_9971,48
9972,2469,5732,Person_9972,65
9973,2876,124,Person_9973,47
9974,4887,8769,Person_9974,78
9975,5532,6470,Person_9975,44
9976,129,7661,Person_9976,37
9977,9910,1115,Person_9977,49
9978,5844,4314,Person_9978,76
9979,4863,5846,Person_9979,58
9980,9469,1071,Person_9980,38
9981,4720,3214,Person_9981,36
9982,2818,2026,Person_9982,66
9983,6398,5250,Person_9983,38
9984,935,237,Person_9984,68
9985,8993,266,Person_9985,72
9986,2321,7219,Person_9986,72
9987,2754,416,Person_9987,22
9988,2072,643,Person_9988,56
9989,9702,2919,Person_9989,71
9990,151,3273,Person_9990,80
9991,6169,3963,Person_9991,77
9992,4948,5277,Person_9992,42
9993,5464,1139,Person_9993,69
9994,6297,542,Person_9994,33
9995,2199,4657,Person_9995,34
9996,677,8386,Person_9996,53
9997,1049,4258,Person_9997,80
9998,2346,8508,Person_9998,19
9999,4793,3738,Person_9999,76
10000,5097,3084,Person_10000,48
