6251,9395,7700,Person_6251,80
6252,6299,2349,Person_6252,58
6253,895,5945,Person_6253,36
6254,8431,4351,Person_6254,20
6255,5033,3397,Person_6255,25
6256,970,6975,Person_6256,71
6257,2464,3684,Person_6257,29
6258,3464,4344,Person_6258,34
6259,7649,9244,Person_6259,46
6260,8733,3575,Person_6260,26
6261,5748,7620,Person_6261,79
6262,6690,8733,Person_6262,60
6263,5299,2035,Person_6263,78
6264,764,3666,Person_6264,61
6265,3365,8117,Person_6265,75
6266,9262,5804,Person_6266,72
6267,331,3919,Person_6267,51
6268,1597,8943,Person_6268,41
6269,354,7071,Person_6269,73
6270,1693,7797,Person_6270,37
6271,6901,7818,Person_6271,31
6272,487,929,Person_6272,68
6273,5486,2818,Person_6273,68
6274,1616,3356,Person_6274,50
6275,4123,9888,Person_6275,62
6276,2113,804,Person_6276,39
6277,8173,309,Person_6277,53
6278,3251,910,Person_6278,78
6279,7003,232,Person_6279,57
6280,1675,4484,Person_6280,62
6281,7971,6997,Person_6281,42
6282,8112,1788,Person_6282,44
6283,6442,1139,Person_6283,46
6284,6767,5039,Person_6284,26
6285,8922,7959,Person_6285,72
6286,8206,7474,Person_6286,40
6287,5312,215,Person_6287,79
6288,563,1694,Person_6288,23
6289,3438,587,Person_6289,73
6290,1083,2317,Person_6290,31
6291,3934,6972,Person_6291,18
6292,9425,1592,Person_6292,25
6293,5575,4351,Person_6293,18
6294,8284,3948,Person_6294,31
6295,140,7884,Person_6295,39
6296,4111,3742,Person_6296,18
6297,371,2180,Person_6297,45
6298,8996,6523,Person_6298,72
6299,9079,8278,Person_6299,35
6300,197,6926,Person_6300,72
6301,5314,3082,Person_6301,29
6302,3440,5432,Person_6302,76
6303,6798,1890,Person_6303,25
6304,3255,2464,Person_6304,42
6305,7201,5536,Person_6305,47
6306,9284,6173,Person_6306,68
6307,5051,3127,Person_6307,45
6308,3121,7247,Person_6308,66
6309,1656,6759,Person_6309,66
6310,4209,3027,Person_6310,62
6311,645,4922,Person_6311,31
6312,5724,9109,Person_6312,49
6313,1258,1678,Person_6313,56
6314,8920,1438,Person_6314,50
6315,1627,9524,Person_6315,50
6316,9088,1730,Person_6316,58
6317,2355,4639,Person_6317,48
6318,9774,5850,Person_6318,26
6319,6371,3998,Person_6319,68
6320,3863,3843,Person_6320,29
6321,387,1595,Person_6321,24
6322,7780,4418,Person_6322,64
6323,7083,9325,Person_6323,30
6324,3375,4551,Person_6324,31
6325,5871,6338,Person_6325,28
6326,9243,9896,Person_6326,69
6327,187,814,Person_6327,66
6328,9695,2518,Person_6328,75
6329,309,4096,Person_6329,39
6330,3436,5041,Person_6330,31
6331,4045,5234,Person_6331,65
6332,4003,3494,Person_6332,46
6333,2885,9059,Person_6333,51
6334,6714,6762,Person_6334,64
6335,2542,3849,Person_6335,30
6336,299,8271,Person_6336,76
6337,8915,7943,Person_6337,30
6338,3583,9332,Person_6338,67
6339,4742,5156,Person_6339,36
6340,7660,8221,Person_6340,73
6341,791,8996,Person_6341,57
6342,4732,7979,Person_6342,59
6343,9149,803,Person_6343,67
6344,9816,3397,Person_6344,34
6345,2125,173,Person_6345,27
6346,5724,2797,Person_6346,37
6347,5919,1546,Person_6347,58
6348,5950,9288,Person_6348,77
6349,6848,5582,Person_6349,24
6350,4688,5112,Person_6350,61
6351,1341,3830,Person_6351,50
6352,6648,6039,Person_6352,63
6353,4035,5752,Person_6353,62
6354,1459,6097,Person_6354,56
6355,3596,7147,Person_6355,18
6356,9400,2517,Person_6356,22
6357,4251,2150,Person_6357,77
6358,3182,7032,Person_6358,40
6359,3492,9540,Person_6359,45
6360,3851,5647,Person_6360,51
6361,7682,9616,Person_6361,29
6362,7099,8024,Person_6362,38
6363,7537,3328,Person_6363,42
6364,1754,5269,Person_6364,36
6365,4113,139,Person_6365,73
6366,7207,745,Person_6366,26
6367,5854,9750,Person_6367,23
6368,2260,8894,Person_6368,26
6369,5482,3243,Person_6369,78
6370,5312,5972,Person_6370,76
6371,4851,7946,Person_6371,41
6372,3935,1780,Person_6372,60
6373,2024,4531,Person_6373,34
6374,3767,7265,Person_6374,28
6375,1920,6253,Person_6375,31
6376,5926,8535,Person_6376,70
6377,1250,2550,Person_6377,28
6378,1256,8449,Person_6378,44
6379,5195,2081,Person_6379,60
6380,5081,2452,Person_6380,52
6381,9846,3505,Person_6381,68
6382,8643,9242,Person_6382,22
6383,1143,1493,Person_6383,66
6384,3940,4727,Person_6384,57
6385,8197,9942,Person_6385,77
6386,6672,6544,Person_6386,54
6387,9921,9226,Person_6387,33
6388,4241,6677,Person_6388,29
6389,7590,3788,Person_6389,46
6390,1588,1750,Person_6390,46
6391,7330,6282,Person_6391,27
6392,9748,6891,Person_6392,79
6393,3945,6049,Person_6393,61
6394,6445,7769,Person_6394,74
6395,3646,7893,Person_6395,46
6396,3883,4207,Person_6396,39
6397,7942,4597,Person_6397,25
6398,9098,6315,Person_6398,41
6399,3698,2238,Person_6399,50
6400,4912,4847,Person_6400,49
6401,9078,3470,Person_6401,58
6402,6474,2803,Person_6402,44
6403,3187,237,Person_6403,28
6404,3177,5950,Person_6404,25
6405,9327,2637,Person_6405,27
6406,9250,7146,Person_6406,29
6407,7201,2226,Person_6407,31
6408,6498,4939,Person_6408,64
6409,9069,5563,Person_6409,76
6410,6257,4071,Person_6410,54
6411,4006,9159,Person_6411,28
6412,4757,5064,Person_6412,58
6413,7916,3982,Person_6413,38
6414,6957,353,Person_6414,69
6415,7182,2600,Person_6415,22
6416,1518,9109,Person_6416,41
6417,8384,8289,Person_6417,23
6418,1688,7665,Person_6418,41
6419,3924,3762,Person_6419,63
6420,3368,1616,Person_6420,36
6421,9377,9575,Person_6421,71
6422,3068,7386,Person_6422,44
6423,7802,3065,Person_6423,45
6424,7003,9886,Person_6424,40
6425,7295,5771,Person_6425,43
6426,2935,6530,Person_6426,62
6427,3561,6485,Person_6427,71
6428,8706,9128,Person_6428,53
6429,7632,612,Person_6429,29
6430,8669,8464,Person_6430,43
6431,9924,516,Person_6431,32
6432,4778,2497,Person_6432,37
6433,8907,7836,Person_6433,56
6434,2998,2537,Person_6434,36
6435,8488,5382,Person_6435,27
6436,6475,5864,Person_6436,66
6437,2331,5689,Person_6437,65
6438,7718,4012,Person_6438,70
6439,6918,9321,Person_6439,28
6440,6126,7473,Person_6440,26
6441,8808,1054,Person_6441,24
6442,1914,8257,Person_6442,68
6443,6509,9038,Person_6443,19
6444,1311,3701,Person_6444,40
6445,3558,3349,Person_6445,80
6446,1172,4325,Person_6446,49
6447,26,551,Person_6447,39
6448,5007,6858,Person_6448,24
6449,9279,5265,Person_6449,36
6450,5304,2009,Person_6450,37
6451,5931,8324,Person_6451,75
6452,5028,7839,Person_6452,42
6453,796,1460,Person_6453,58
6454,1796,8191,Person_6454,18
6455,9215,8998,Person_6455,70
6456,4330,7213,Person_6456,42
6457,6784,2512,Person_6457,51
6458,1753,3211,Person_6458,30
6459,5638,9234,Person_6459,35
6460,2017,8245,Person_6460,35
6461,1096,5813,Person_6461,30
6462,4835,400,Person_6462,18
6463,6719,8344,Person_6463,41
6464,536,6428,Person_6464,62
6465,338,3077,Person_6465,36
6466,1253,1276,Person_6466,59
6467,4690,1148,Person_6467,66
6468,6990,4123,Person_6468,35
6469,6299,7833,Person_6469,51
6470,1945,2346,Person_6470,69
6471,9781,3645,Person_6471,35
6472,3187,6495,Person_6472,44
6473,5468,6209,Person_6473,71
6474,6307,345,Person_6474,32
6475,7051,2097,Person_6475,69
6476,8229,703,Person_6476,70
6477,282,8095,Person_6477,52
6478,1585,8312,Person_6478,46
6479,6890,1813,Person_6479,70
6480,5016,5077,Person_6480,75
6481,3777,2233,Person_6481,43
6482,1349,346,Person_6482,72
6483,5693,6353,Person_6483,53
6484,1313,7615,Person_6484,43
6485,5612,2864,Person_6485,80
6486,6656,5786,Person_6486,38
6487,162,8808,Person_6487,39
6488,2541,7409,Person_6488,45
6489,614,8373,Person_6489,56
6490,4157,8015,Person_6490,61
6491,5685,7398,Person_6491,48
6492,4896,8784,Person_6492,47
6493,4550,8917,Person_6493,68
6494,4384,4643,Person_6494,46
6495,1892,5507,Person_6495,28
6496,4759,2299,Person_6496,22
6497,2224,9766,Person_6497,18
6498,1142,3026,Person_6498,33
6499,864,9321,Person_6499,56
6500,2223,1356,Person_6500,65
6501,3525,240,Person_6501,37
6502,7148,2191,Person_6502,29
6503,5658,633,Person_6503,42
6504,1979,468,Person_6504,67
6505,1355,6570,Person_6505,76
6506,448,2733,Person_6506,38
6507,8913,8007,Person_6507,54
6508,3993,4634,Person_6508,72
6509,5589,5563,Person_6509,34
6510,6745,9932,Person_6510,49
6511,9328,2000,Person_6511,75
6512,1393,8686,Person_6512,34
6513,6453,2958,Person_6513,60
6514,9368,6353,Person_6514,49
6515,6381,4812,Person_6515,56
6516,7346,6705,Person_6516,74
6517,8186,3133,Person_6517,73
6518,708,4255,Person_6518,80
6519,2604,903,Person_6519,77
6520,6883,4213,Person_6520,27
6521,9731,9719,Person_6521,41
6522,5395,1732,Person_6522,34
6523,6662,2189,Person_6523,57
6524,3435,2524,Person_6524,23
6525,2549,920,Person_6525,31
6526,4275,7187,Person_6526,34
6527,4530,1301,Person_6527,18
6528,880,530,Person_6528,63
6529,2908,8812,Person_6529,57
6530,9001,9281,Person_6530,58
6531,3586,5624,Person_6531,18
6532,5456,5341,Person_6532,68
6533,2712,1722,Person_6533,49
6534,4939,2615,Person_6534,63
6535,2894,4744,Person_6535,61
6536,4180,6092,Person_6536,57
6537,5826,9712,Person_6537,65
6538,7391,4218,Person_6538,31
6539,437,9840,Person_6539,26
6540,6964,2359,Person_6540,18
6541,2207,559,Person_6541,64
6542,825,8473,Person_6542,52
6543,9049,418,Person_6543,45
6544,7722,3176,Person_6544,65
6545,493,9415,Person_6545,19
6546,1035,2792,Person_6546,68
6547,2748,8495,Person_6547,62
6548,8617,8904,Person_6548,71
6549,8277,673,Person_6549,40
6550,8558,5356,Person_6550,79
6551,8003,7744,Person_6551,53
6552,7062,5198,Person_6552,69
6553,5143,9388,Person_6553,46
6554,4076,7180,Person_6554,18
6555,3956,8657,Person_6555,59
6556,7467,9544,Person_6556,53
6557,5630,6023,Person_6557,45
6558,9328,8297,Person_6558,75
6559,3884,3240,Person_6559,54
6560,5317,9582,Person_6560,44
6561,3831,1780,Person_6561,18
6562,1485,5917,Person_6562,41
6563,9210,3758,Person_6563,20
6564,2509,4240,Person_6564,66
6565,9844,8120,Person_6565,60
6566,1146,1419,Person_6566,66
6567,4582,6522,Person_6567,38
6568,5471,5793,Person_6568,65
6569,1134,305,Person_6569,52
6570,7340,9621,Person_6570,64
6571,6953,7833,Person_6571,63
6572,8047,1381,Person_6572,74
6573,8429,162,Person_6573,18
6574,8794,9545,Person_6574,75
6575,7304,990,Person_6575,49
6576,2157,7765,Person_6576,39
6577,832,1132,Person_6577,75
6578,6732,222,Person_6578,70
6579,7525,6766,Person_6579,69
6580,9150,8417,Person_6580,30
6581,4882,842,Person_6581,57
6582,6725,4486,Person_6582,23
6583,4245,7282,Person_6583,72
6584,2356,9269,Person_6584,65
6585,4694,111,Person_6585,23
6586,2503,6596,Person_6586,45
6587,1370,1167,Person_6587,57
6588,6066,5275,Person_6588,77
6589,5139,8239,Person_6589,73
6590,8461,3911,Person_6590,28
6591,9856,3402,Person_6591,77
6592,8892,9757,Person_6592,53
6593,1670,6399,Person_6593,58
6594,7173,6100,Person_6594,74
6595,5566,7309,Person_6595,43
6596,7172,9703,Person_6596,35
6597,5426,3957,Person_6597,66
6598,3745,5232,Person_6598,54
6599,1374,5468,Person_6599,42
6600,7417,5301,Person_6600,18
6601,6702,4249,Person_6601,37
6602,6307,7916,Person_6602,71
6603,264,9668,Person_6603,21
6604,9039,3971,Person_6604,78
6605,7912,230,Person_6605,78
6606,193,7261,Person_6606,54
6607,7749,4003,Person_6607,29
6608,2160,8178,Person_6608,74
6609,2675,5830,Person_6609,31
6610,9322,9881,Person_6610,55
6611,6727,9181,Person_6611,38
6612,7896,63,Person_6612,75
6613,2326,4159,Person_6613,60
6614,3820,6781,Person_6614,53
6615,2885,8065,Person_6615,33
6616,6605,3900,Person_6616,38
6617,4029,9092,Person_6617,38
6618,7934,1712,Person_6618,62
6619,7550,8475,Person_6619,47
6620,9341,6656,Person_6620,69
6621,684,8212,Person_6621,27
6622,9482,6775,Person_6622,31
6623,1621,3139,Person_6623,19
6624,7181,8029,Person_6624,32
6625,1566,4808,Person_6625,49
6626,202,2887,Person_6626,35
6627,6400,4786,Person_6627,20
6628,8177,4995,Person_6628,47
6629,4186,697,Person_6629,56
6630,4158,4788,Person_6630,51
6631,7503,354,Person_6631,67
6632,7914,9686,Person_6632,44
6633,795,9361,Person_6633,42
6634,305,558,Person_6634,30
6635,7959,1864,Person_6635,52
6636,4342,2235,Person_6636,19
6637,5297,7788,Person_6637,55
6638,9657,695,Person_6638,20
6639,3289,4883,Person_6639,43
6640,6852,8085,Person_6640,73
6641,4613,5318,Person_6641,56
6642,9929,2691,Person_6642,70
6643,3153,6302,Person_6643,55
6644,3662,6790,Person_6644,23
6645,3461,5130,Person_6645,50
6646,542,6563,Person_6646,34
6647,6878,8522,Person_6647,18
6648,4750,4795,Person_6648,19
6649,5911,8202,Person_6649,30
6650,4326,5132,Person_6650,40
6651,6575,6458,Person_6651,68
6652,8820,6690,Person_6652,36
6653,5150,2537,Person_6653,30
6654,4787,9129,Person_6654,39
6655,2757,6505,Person_6655,50
6656,9846,8850,Person_6656,48
6657,6876,4697,Person_6657,77
6658,4789,1266,Person_6658,57
6659,1061,8746,Person_6659,36
6660,5133,6438,Person_6660,45
6661,4650,6289,Person_6661,57
6662,6932,4841,Person_6662,37
6663,6569,3241,Person_6663,41
6664,4364,9353,Person_6664,42
6665,6393,1682,Person_6665,65
6666,5327,8224,Person_6666,22
6667,3768,558,Person_6667,67
6668,1041,4096,Person_6668,46
6669,354,7057,Person_6669,70
6670,9709,427,Person_6670,46
6671,1971,147,Person_6671,27
6672,4046,5722,Person_6672,73
6673,5814,6843,Person_6673,68
6674,1240,7042,Person_6674,61
6675,3224,3523,Person_6675,37
6676,1234,4931,Person_6676,68
6677,265,2943,Person_6677,26
6678,3048,7629,Person_6678,61
6679,3179,5261,Person_6679,55
6680,6033,418,Person_6680,58
6681,1865,1633,Person_6681,79
6682,9584,5276,Person_6682,62
6683,1622,6828,Person_6683,50
6684,6124,2242,Person_6684,74
6685,5964,3720,Person_6685,25
6686,1460,6376,Person_6686,59
6687,5002,8615,Person_6687,43
6688,9337,9413,Person_6688,36
6689,7852,2496,Person_6689,34
6690,2198,7136,Person_6690,69
6691,2546,4717,Person_6691,68
6692,828,7039,Person_6692,24
6693,350,1670,Person_6693,54
6694,4042,2966,Person_6694,60
6695,2414,1622,Person_6695,48
6696,808,1116,Person_6696,70
6697,7375,5532,Person_6697,76
6698,5596,5362,Person_6698,28
6699,4982,578,Person_6699,54
6700,2669,1823,Person_6700,48
6701,2053,1582,Person_6701,30
6702,5951,5989,Person_6702,19
6703,624,2662,Person_6703,74
6704,4681,7327,Person_6704,68
6705,927,2884,Person_6705,49
6706,1767,1363,Person_6706,63
6707,4595,9051,Person_6707,72
6708,3416,6198,Person_6708,53
6709,4570,9321,Person_6709,41
6710,3993,8377,Person_6710,47
6711,8816,7722,Person_6711,31
6712,9159,6951,Person_6712,50
6713,8275,6420,Person_6713,50
6714,9532,6847,Person_6714,43
6715,9167,6122,Person_6715,33
6716,5292,2336,Person_6716,44
6717,5326,4047,Person_6717,30
6718,8604,863,Person_6718,69
6719,310,3699,Person_6719,64
6720,1742,810,Person_6720,40
6721,1969,7011,Person_6721,56
6722,1556,7402,Person_6722,67
6723,8441,3967,Person_6723,55
6724,4231,9749,Person_6724,25
6725,7402,9251,Person_6725,65
6726,9527,1826,Person_6726,70
6727,4459,5470,Person_6727,65
6728,6406,837,Person_6728,79
6729,8813,8075,Person_6729,58
6730,4960,4874,Person_6730,23
6731,5288,673,Person_6731,80
6732,5276,8587,Person_6732,76
6733,8660,6161,Person_6733,31
6734,2299,9753,Person_6734,48
6735,5241,1822,Person_6735,32
6736,8040,3274,Person_6736,50
6737,5340,9695,Person_6737,74
6738,7330,4639,Person_6738,54
6739,2541,1560,Person_6739,42
6740,2913,9677,Person_6740,38
6741,4307,5514,Person_6741,74
6742,2779,4059,Person_6742,61
6743,5947,5848,Person_6743,46
6744,4052,5747,Person_6744,47
6745,8465,666,Person_6745,40
6746,6494,3939,Person_6746,33
6747,3816,6169,Person_6747,65
6748,6474,9002,Person_6748,54
6749,7911,9227,Person_6749,21
6750,6453,2934,Person_6750,26
6751,9636,3228,Person_6751,34
6752,9076,9034,Person_6752,38
6753,2570,5533,Person_6753,61
6754,2449,617,Person_6754,26
6755,5346,9350,Person_6755,30
6756,1893,6893,Person_6756,20
6757,1814,6053,Person_6757,43
6758,5127,9949,Person_6758,39
6759,8512,3275,Person_6759,76
6760,9471,8337,Person_6760,73
6761,5810,5969,Person_6761,28
6762,5689,1849,Person_6762,25
6763,6960,191,Person_6763,36
6764,5970,8153,Person_6764,25
6765,9673,2717,Person_6765,38
6766,5235,3111,Person_6766,74
6767,8715,8774,Person_6767,48
6768,2514,3726,Person_6768,73
6769,323,2731,Person_6769,70
6770,9724,4416,Person_6770,31
6771,9473,3174,Person_6771,39
6772,1346,7348,Person_6772,41
6773,6545,8518,Person_6773,26
6774,5967,7844,Person_6774,80
6775,8855,6676,Person_6775,21
6776,9300,9599,Person_6776,24
6777,1785,306,Person_6777,20
6778,7240,8385,Person_6778,79
6779,7030,4574,Person_6779,56
6780,5776,7210,Person_6780,23
6781,9593,6965,Person_6781,72
6782,3398,5098,Person_6782,72
6783,6289,6714,Person_6783,38
6784,5812,9685,Person_6784,62
6785,6999,6247,Person_6785,38
6786,2052,1993,Person_6786,72
6787,3910,1036,Person_6787,64
6788,8553,1375,Person_6788,32
6789,8842,9056,Person_6789,55
6790,8291,8288,Person_6790,18
6791,906,1471,Person_6791,57
6792,6772,5872,Person_6792,57
6793,2649,4263,Person_6793,25
6794,6992,5280,Person_6794,49
6795,8732,350,Person_6795,67
6796,9938,9425,Person_6796,79
6797,5061,7768,Person_6797,49
6798,2517,5968,Person_6798,59
6799,6930,631,Person_6799,33
6800,2367,4342,Person_6800,27
6801,6829,6576,Person_6801,35
6802,7989,6440,Person_6802,73
6803,2286,6589,Person_6803,76
6804,2272,9555,Person_6804,74
6805,9441,7498,Person_6805,24
6806,6186,261,Person_6806,43
6807,6667,5034,Person_6807,64
6808,7,2111,Person_6808,76
6809,4667,9220,Person_6809,74
6810,6037,3479,Person_6810,20
6811,7593,8628,Person_6811,60
6812,3421,6694,Person_6812,53
6813,5030,2264,Person_6813,55
6814,1649,3727,Person_6814,27
6815,5088,3908,Person_6815,61
6816,6451,7168,Person_6816,74
6817,3971,257,Person_6817,22
6818,5749,2553,Person_6818,75
6819,619,4045,Person_6819,56
6820,2181,43,Person_6820,45
6821,7523,7405,Person_6821,50
6822,4576,8324,Person_6822,18
6823,9601,8934,Person_6823,74
6824,7538,2288,Person_6824,38
6825,1392,2699,Person_6825,65
6826,7122,1361,Person_6826,28
6827,5142,1307,Person_6827,45
6828,3902,1192,Person_6828,65
6829,2332,7192,Person_6829,55
6830,6216,3136,Person_6830,40
6831,9103,3795,Person_6831,68
6832,1967,1839,Person_6832,68
6833,6254,701,Person_6833,77
6834,1751,5334,Person_6834,59
6835,5771,1695,Person_6835,74
6836,474,8266,Person_6836,65
6837,5100,668,Person_6837,69
6838,9798,3677,Person_6838,42
6839,8491,5042,Person_6839,47
6840,8500,5445,Person_6840,73
6841,7970,9394,Person_6841,79
6842,1186,6887,Person_6842,72
6843,8385,2372,Person_6843,55
6844,5669,1292,Person_6844,28
6845,1582,2456,Person_6845,29
6846,2354,4107,Person_6846,66
6847,9847,6097,Person_6847,59
6848,7401,56,Person_6848,52
6849,9582,4465,Person_6849,64
6850,9313,5865,Person_6850,43
6851,808,4217,Person_6851,39
6852,100,8771,Person_6852,75
6853,9098,7120,Person_6853,68
6854,3580,6862,Person_6854,56
6855,7755,5751,Person_6855,18
6856,9563,5473,Person_6856,39
6857,410,3269,Person_6857,51
6858,1042,4787,Person_6858,49
6859,2156,2230,Person_6859,26
6860,9973,1816,Person_6860,27
6861,1204,7983,Person_6861,67
6862,855,6606,Person_6862,24
6863,228,679,Person_6863,66
6864,2804,142,Person_6864,44
6865,2997,269,Person_6865,21
6866,1234,9598,Person_6866,21
6867,2055,2210,Person_6867,43
6868,3844,72,Person_6868,42
6869,2232,4053,Person_6869,43
6870,8687,5862,Person_6870,22
6871,1568,3336,Person_6871,32
6872,6136,949,Person_6872,49
6873,8251,6945,Person_6873,19
6874,5500,547,Person_6874,39
6875,9753,3789,Person_6875,48
6876,7854,243,Person_6876,43
6877,8812,4435,Person_6877,45
6878,8383,2423,Person_6878,61
6879,5740,4504,Person_6879,78
6880,5752,4874,Person_6880,48
6881,1270,1944,Person_6881,25
6882,7011,3010,Person_6882,42
6883,698,4563,Person_6883,20
6884,3023,1171,Person_6884,33
6885,2496,9991,Person_6885,68
6886,8492,8302,Person_6886,35
6887,6351,4662,Person_6887,27
6888,7902,7067,Person_6888,43
6889,5902,4700,Person_6889,78
6890,1064,7648,Person_6890,32
6891,6328,7479,Person_6891,56
6892,956,3430,Person_6892,54
6893,4127,6887,Person_6893,19
6894,8426,8803,Person_6894,52
6895,6928,2837,Person_6895,61
6896,2233,5299,Person_6896,75
6897,5766,7173,Person_6897,72
6898,6662,6201,Person_6898,28
6899,4334,4904,Person_6899,63
6900,2177,6918,Person_6900,23
6901,2916,1770,Person_6901,72
6902,9147,232,Person_6902,41
6903,9600,7514,Person_6903,23
6904,6026,6667,Person_6904,50
6905,8900,1550,Person_6905,71
6906,981,8851,Person_6906,34
6907,8058,852,Person_6907,42
6908,5839,4589,Person_6908,50
6909,3623,7951,Person_6909,24
6910,3033,1049,Person_6910,72
6911,5884,8020,Person_6911,68
6912,4847,6302,Person_6912,52
6913,2873,6195,Person_6913,60
6914,2345,4705,Person_6914,46
6915,1094,8751,Person_6915,66
6916,3948,1379,Person_6916,65
6917,2078,7019,Person_6917,32
6918,3213,176,Person_6918,68
6919,9377,3913,Person_6919,35
6920,2953,3983,Person_6920,55
6921,3720,3212,Person_6921,67
6922,4338,9233,Person_6922,29
6923,9309,6635,Person_6923,23
6924,2085,3865,Person_6924,24
6925,4950,331,Person_6925,63
6926,2372,1065,Person_6926,49
6927,1801,2086,Person_6927,25
6928,4812,7479,Person_6928,58
6929,2970,9196,Person_6929,52
6930,6409,6074,Person_6930,55
6931,2491,1046,Person_6931,69
6932,9765,6103,Person_6932,50
6933,6662,8741,Person_6933,36
6934,6875,6869,Person_6934,35
6935,3726,8717,Person_6935,47
6936,500,7318,Person_6936,66
6937,6655,4755,Person_6937,62
6938,7842,7149,Person_6938,61
6939,7002,5378,Person_6939,57
6940,1494,3341,Person_6940,70
6941,5245,2235,Person_6941,65
6942,2105,2361,Person_6942,60
6943,5631,6743,Person_6943,32
6944,996,378,Person_6944,59
6945,8491,9385,Person_6945,25
6946,4456,8287,Person_6946,55
6947,5112,8331,Person_6947,40
6948,2360,8032,Person_6948,50
6949,1415,9074,Person_6949,22
6950,4977,283,Person_6950,64
6951,7456,5628,Person_6951,77
6952,5131,7285,Person_6952,21
6953,2846,8970,Person_6953,28
6954,2660,515,Person_6954,59
6955,2227,6917,Person_6955,68
6956,3244,7354,Person_6956,68
6957,1559,5051,Person_6957,20
6958,1053,4386,Person_6958,32
6959,964,3089,Person_6959,35
6960,7405,2399,Person_6960,66
6961,9143,8998,Person_6961,71
6962,8125,5644,Person_6962,64
6963,2437,8266,Person_6963,58
6964,6369,7679,Person_6964,60
6965,9742,9326,Person_6965,21
6966,8789,6295,Person_6966,52
6967,1510,1122,Person_6967,76
6968,7453,7341,Person_6968,64
6969,4591,4977,Person_6969,55
6970,1075,6961,Person_6970,43
6971,500,1790,Person_6971,76
6972,8566,789,Person_6972,47
6973,7247,3786,Person_6973,46
6974,9259,5784,Person_6974,79
6975,8795,9780,Person_6975,77
6976,6703,1582,Person_6976,61
6977,6584,7384,Person_6977,36
6978,4832,3043,Person_6978,42
6979,5126,9878,Person_6979,55
6980,568,3829,Person_6980,38
6981,4835,5550,Person_6981,47
6982,2140,9701,Person_6982,55
6983,3721,2478,Person_6983,49
6984,9237,7014,Person_6984,67
6985,7837,8839,Person_6985,42
6986,4588,6337,Person_6986,61
6987,8768,3290,Person_6987,77
6988,8570,6223,Person_6988,68
6989,5002,4796,Person_6989,78
6990,456,8861,Person_6990,55
6991,3109,2405,Person_6991,45
6992,3168,2637,Person_6992,67
6993,3896,2333,Person_6993,44
6994,5078,1481,Person_6994,39
6995,4674,2076,Person_6995,80
6996,7766,4895,Person_6996,68
6997,3803,2862,Person_6997,49
6998,9687,8127,Person_6998,36
6999,6925,8749,Person_6999,71
7000,7536,9633,Person_7000,24
7001,3914,5913,Person_7001,73
7002,7748,6055,Person_7002,39
7003,5002,9269,Person_7003,79
7004,4852,8483,Person_7004,61
7005,3791,5880,Person_7005,31
7006,9828,2460,Person_7006,26
7007,2728,5062,Person_7007,31
7008,68,5203,Person_7008,60
7009,4989,5631,Person_7009,23
7010,5926,9373,Person_7010,66
7011,8166,3884,Person_7011,61
7012,7438,9347,Person_7012,70
7013,6171,1339,Person_7013,32
7014,3299,5991,Person_7014,41
7015,6385,1903,Person_7015,43
7016,5819,2422,Person_7016,28
7017,2363,1177,Person_7017,39
7018,7282,4618,Person_7018,28
7019,9001,7941,Person_7019,31
7020,2251,6373,Person_7020,27
7021,9347,9109,Person_7021,62
7022,2988,8127,Person_7022,79
7023,7194,8477,Person_7023,62
7024,4711,4962,Person_7024,69
7025,6693,3177,Person_7025,49
7026,5011,1841,Person_7026,42
7027,811,2674,Person_7027,52
7028,9515,5260,Person_7028,79
7029,9536,7105,Person_7029,65
7030,4343,127,Person_7030,67
7031,2790,3802,Person_7031,58
7032,2444,6439,Person_7032,51
7033,4505,4881,Person_7033,52
7034,324,244,Person_7034,44
7035,3178,176,Person_7035,50
7036,6227,4074,Person_7036,67
7037,6142,9450,Person_7037,40
7038,1973,5892,Person_7038,58
7039,1042,2842,Person_7039,70
7040,6291,3314,Person_7040,50
7041,5735,3445,Person_7041,27
7042,2587,5880,Person_7042,59
7043,6478,6978,Person_7043,57
7044,1672,868,Person_7044,20
7045,8583,6024,Person_7045,80
7046,8057,8594,Person_7046,21
7047,8960,9967,Person_7047,39
7048,5471,9283,Person_7048,49
7049,8592,2561,Person_7049,72
7050,2764,9739,Person_7050,76
7051,7063,4598,Person_7051,54
7052,5524,7346,Person_7052,71
7053,4613,2168,Person_7053,42
7054,2091,5463,Person_7054,21
7055,1578,7777,Person_7055,40
7056,4819,4570,Person_7056,53
7057,4919,9552,Person_7057,56
7058,1577,3294,Person_7058,46
7059,2750,5801,Person_7059,51
7060,7787,9328,Person_7060,78
7061,6300,851,Person_7061,50
7062,4797,3330,Person_7062,37
7063,9207,4488,Person_7063,38
7064,2576,2824,Person_7064,37
7065,9328,9499,Person_7065,72
7066,3180,5353,Person_7066,50
7067,9128,6219,Person_7067,31
7068,1250,9428,Person_7068,57
7069,2360,5259,Person_7069,22
7070,7575,5304,Person_7070,72
7071,6514,1821,Person_7071,39
7072,933,8056,Person_7072,56
7073,3412,7045,Person_7073,71
7074,9441,3100,Person_7074,62
7075,470,6509,Person_7075,30
7076,6387,7801,Person_7076,30
7077,9474,7240,Person_7077,47
7078,5729,9287,Person_7078,34
7079,9147,1096,Person_7079,52
7080,6480,1821,Person_7080,75
7081,482,9075,Person_7081,23
7082,7779,5867,Person_7082,67
7083,4558,1220,Person_7083,79
7084,5137,8933,Person_7084,75
7085,1890,8295,Person_7085,51
7086,2636,853,Person_7086,18
7087,531,9215,Person_7087,46
7088,7470,6253,Person_7088,54
7089,856,7776,Person_7089,62
7090,5660,4631,Person_7090,57
7091,7879,7181,Person_7091,63
7092,4748,4802,Person_7092,65
7093,9345,3423,Person_7093,63
7094,4195,8356,Person_7094,77
7095,7881,4286,Person_7095,22
7096,329,7855,Person_7096,29
7097,138,2902,Person_7097,64
7098,2850,1392,Person_7098,65
7099,7558,6031,Person_7099,55
7100,8916,577,Person_7100,37
7101,8803,3979,Person_7101,31
7102,2474,3084,Person_7102,25
7103,6792,8975,Person_7103,36
7104,7224,2582,Person_7104,37
7105,2854,7465,Person_7105,38
7106,8338,4045,Person_7106,36
7107,5882,8148,Person_7107,19
7108,5510,8044,Person_7108,67
7109,6184,9133,Person_7109,52
7110,1183,2455,Person_7110,22
7111,706,5995,Person_7111,30
7112,1333,2786,Person_7112,72
7113,6052,16,Person_7113,28
7114,793,898,Person_7114,67
7115,5127,5437,Person_7115,19
7116,4935,5258,Person_7116,29
7117,8955,6125,Person_7117,77
7118,7046,3815,Person_7118,73
7119,7717,9178,Person_7119,55
7120,5531,1125,Person_7120,70
7121,7909,3670,Person_7121,60
7122,5576,9068,Person_7122,43
7123,17,5360,Person_7123,44
7124,2150,4356,Person_7124,29
7125,5838,2248,Person_7125,76
7126,4008,222,Person_7126,80
7127,1137,5666,Person_7127,37
7128,8713,8238,Person_7128,57
7129,9916,4830,Person_7129,26
7130,2852,1388,Person_7130,42
7131,8319,8009,Person_7131,48
7132,5716,4737,Person_7132,63
7133,1826,7121,Person_7133,61
7134,9577,960,Person_7134,25
7135,3148,429,Person_7135,77
7136,7910,3361,Person_7136,55
7137,2248,5667,Person_7137,19
7138,6908,6905,Person_7138,31
7139,6852,7816,Person_7139,55
7140,5368,2640,Person_7140,71
7141,7542,4452,Person_7141,25
7142,8095,2294,Person_7142,20
7143,1667,9690,Person_7143,51
7144,1630,7446,Person_7144,77
7145,2654,4661,Person_7145,70
7146,462,7784,Person_7146,31
7147,2550,9786,Person_7147,19
7148,7246,4192,Person_7148,64
7149,4093,6269,Person_7149,21
7150,7724,5922,Person_7150,20
7151,2965,3579,Person_7151,47
7152,2237,2007,Person_7152,40
7153,6807,8784,Person_7153,62
7154,6334,5811,Person_7154,74
7155,1059,801,Person_7155,54
7156,4740,8335,Person_7156,56
7157,2328,5020,Person_7157,32
7158,3965,2205,Person_7158,53
7159,5127,2328,Person_7159,38
7160,7810,5915,Person_7160,46
7161,1343,2165,Person_7161,78
7162,1475,6247,Person_7162,19
7163,7406,4724,Person_7163,75
7164,2661,5364,Person_7164,33
7165,9741,1223,Person_7165,43
7166,4405,221,Person_7166,19
7167,3287,715,Person_7167,58
7168,7869,4931,Person_7168,44
7169,9683,8391,Person_7169,31
7170,9140,7507,Person_7170,52
7171,7444,2283,Person_7171,65
7172,5356,6444,Person_7172,18
7173,4808,141,Person_7173,46
7174,2925,1790,Person_7174,45
7175,418,3206,Person_7175,32
7176,189,1327,Person_7176,59
7177,4098,4284,Person_7177,56
7178,3781,4782,Person_7178,36
7179,7521,4558,Person_7179,30
7180,8634,7794,Person_7180,37
7181,6140,380,Person_7181,56
7182,6264,8546,Person_7182,29
7183,318,7783,Person_7183,52
7184,8698,8516,Person_7184,51
7185,473,4734,Person_7185,37
7186,4736,3978,Person_7186,42
7187,8844,9028,Person_7187,50
7188,8454,1309,Person_7188,39
7189,4314,5304,Person_7189,28
7190,7543,2524,Person_7190,37
7191,7668,5623,Person_7191,24
7192,6465,1048,Person_7192,46
7193,4242,1617,Person_7193,28
7194,1624,6303,Person_7194,70
7195,3127,2812,Person_7195,33
7196,8415,410,Person_7196,24
7197,708,6122,Person_7197,67
7198,7308,4547,Person_7198,19
7199,154,5755,Person_7199,77
7200,4055,2036,Person_7200,55
7201,221,1617,Person_7201,41
7202,915,7486,Person_7202,20
7203,5412,1026,Person_7203,77
7204,631,4189,Person_7204,29
7205,8195,7468,Person_7205,54
7206,7866,1521,Person_7206,67
7207,4576,4243,Person_7207,28
7208,8673,4840,Person_7208,71
7209,2077,7834,Person_7209,28
7210,5165,4114,Person_7210,20
7211,6273,1278,Person_7211,62
7212,4569,6296,Person_7212,21
7213,6338,3701,Person_7213,21
7214,9671,1278,Person_7214,77
7215,8771,9937,Person_7215,54
7216,7438,4469,Person_7216,31
7217,1324,2215,Person_7217,51
7218,6261,635,Person_7218,43
7219,8270,4692,Person_7219,63
7220,6495,4192,Person_7220,21
7221,3269,1047,Person_7221,56
7222,7409,2674,Person_7222,29
7223,8686,9498,Person_7223,73
7224,2190,2335,Person_7224,39
7225,6432,8849,Person_7225,51
7226,1150,6733,Person_7226,60
7227,6559,7055,Person_7227,72
7228,5200,2296,Person_7228,50
7229,4615,6449,Person_7229,77
7230,3647,4842,Person_7230,20
7231,7177,8997,Person_7231,66
7232,8634,9175,Person_7232,61
7233,2363,3204,Person_7233,76
7234,7071,4726,Person_7234,42
7235,1715,6613,Person_7235,43
7236,6597,6093,Person_7236,18
7237,285,2842,Person_7237,68
7238,6833,8843,Person_7238,22
7239,1949,8415,Person_7239,20
7240,4320,4372,Person_7240,67
7241,171,8621,Person_7241,54
7242,9818,2696,Person_7242,73
7243,2632,4171,Person_7243,43
7244,8143,1553,Person_7244,58
7245,9366,8348,Person_7245,36
7246,5403,4162,Person_7246,69
7247,6916,9630,Person_7247,78
7248,1537,4207,Person_7248,39
7249,722,5612,Person_7249,39
7250,7553,8317,Person_7250,72
7251,5539,2343,Person_7251,69
7252,9876,9820,Person_7252,67
7253,5979,5113,Person_7253,55
7254,7557,9756,Person_7254,32
7255,1635,2746,Person_7255,67
7256,2454,3185,Person_7256,44
7257,7805,5441,Person_7257,59
7258,8367,8836,Person_7258,72
7259,5254,4249,Person_7259,42
7260,6861,1494,Person_7260,69
7261,1764,3972,Person_7261,46
7262,7646,4574,Person_7262,80
7263,9555,5247,Person_7263,37
7264,4264,6568,Person_7264,41
7265,1427,3925,Person_7265,57
7266,9208,1560,Person_7266,37
7267,7460,2120,Person_7267,35
7268,5760,1486,Person_7268,57
7269,7333,6400,Person_7269,71
7270,9891,6012,Person_7270,60
7271,2810,7478,Person_7271,65
7272,3068,9284,Person_7272,21
7273,8955,471,Person_7273,54
7274,1817,854,Person_7274,67
7275,5137,7560,Person_7275,44
7276,778,7529,Person_7276,45
7277,8430,9354,Person_7277,53
7278,934,8247,Person_7278,42
7279,1792,2460,Person_7279,33
7280,3746,7280,Person_7280,57
7281,6978,4374,Person_7281,48
7282,6364,8189,Person_7282,45
7283,4256,4292,Person_7283,25
7284,6671,1385,Person_7284,51
7285,4743,8041,Person_7285,26
7286,6037,5283,Person_7286,31
7287,7704,6907,Person_7287,52
7288,9014,921,Person_7288,39
7289,7476,4121,Person_7289,66
7290,5692,5989,Person_7290,58
7291,1330,1169,Person_7291,39
7292,420,1439,Person_7292,78
7293,7124,8158,Person_7293,18
7294,4710,6542,Person_7294,28
7295,3311,6194,Person_7295,21
7296,9603,3435,Person_7296,25
7297,8440,1253,Person_7297,31
7298,8511,518,Person_7298,54
7299,4371,1310,Person_7299,41
7300,4307,77,Person_7300,64
7301,7293,8446,Person_7301,44
7302,8066,1397,Person_7302,39
7303,3132,7547,Person_7303,32
7304,8753,4837,Person_7304,18
7305,6126,2593,Person_7305,72
7306,1939,6096,Person_7306,77
7307,4730,8488,Person_7307,30
7308,9011,5480,Person_7308,48
7309,7394,2751,Person_7309,34
7310,6164,5078,Person_7310,58
7311,7442,1383,Person_7311,63
7312,129,9469,Person_7312,54
7313,9477,542,Person_7313,79
7314,587,4630,Person_7314,20
7315,1507,4638,Person_7315,75
7316,2159,2121,Person_7316,68
7317,934,4,Person_7317,49
7318,2592,1042,Person_7318,19
7319,4469,7306,Person_7319,30
7320,6158,8261,Person_7320,71
7321,6325,5183,Person_7321,32
7322,230,5633,Person_7322,56
7323,8342,512,Person_7323,59
7324,5790,5345,Person_7324,24
7325,401,6495,Person_7325,29
7326,2423,3760,Person_7326,35
7327,5765,9588,Person_7327,24
7328,5269,2642,Person_7328,37
7329,97,81,Person_7329,62
7330,4163,3829,Person_7330,38
7331,4737,5477,Person_7331,46
7332,1770,7003,Person_7332,19
7333,9901,6089,Person_7333,53
7334,4956,1951,Person_7334,22
7335,1077,7174,Person_7335,56
7336,9186,4015,Person_7336,45
7337,3544,6352,Person_7337,70
7338,5224,4865,Person_7338,39
7339,8663,3379,Person_7339,51
7340,1520,2860,Person_7340,76
7341,317,7455,Person_7341,71
7342,7599,2806,Person_7342,27
7343,1633,4653,Person_7343,28
7344,4965,265,Person_7344,28
7345,9315,9387,Person_7345,59
7346,5874,429,Person_7346,61
7347,4542,2790,Person_7347,38
7348,8012,8395,Person_7348,23
7349,4851,883,Person_7349,31
7350,9291,2036,Person_7350,51
7351,5965,9932,Person_7351,73
7352,6261,1949,Person_7352,59
7353,45,2410,Person_7353,24
7354,6693,5890,Person_7354,47
7355,8906,1206,Person_7355,19
7356,1213,3502,Person_7356,68
7357,7011,3904,Person_7357,20
7358,4545,9253,Person_7358,74
7359,9317,3705,Person_7359,19
7360,3818,4574,Person_7360,43
7361,5928,3287,Person_7361,75
7362,6116,7587,Person_7362,27
7363,1732,2817,Person_7363,35
7364,6928,4634,Person_7364,56
7365,2701,4486,Person_7365,55
7366,5121,8504,Person_7366,21
7367,3910,1124,Person_7367,22
7368,1523,7465,Person_7368,57
7369,1580,6097,Person_7369,36
7370,9930,2761,Person_7370,25
7371,3861,2442,Person_7371,80
7372,8696,1199,Person_7372,28
7373,4477,3333,Person_7373,30
7374,6861,7855,Person_7374,75
7375,1223,7188,Person_7375,55
7376,2795,5550,Person_7376,73
7377,2201,567,Person_7377,71
7378,5277,2235,Person_7378,40
7379,2586,9277,Person_7379,62
7380,1201,4355,Person_7380,18
7381,2199,4678,Person_7381,18
7382,5310,6091,Person_7382,41
7383,6918,5732,Person_7383,44
7384,1417,1322,Person_7384,59
7385,1225,7543,Person_7385,25
7386,4789,7059,Person_7386,19
7387,5535,2264,Person_7387,69
7388,4905,8952,Person_7388,33
7389,3710,4773,Person_7389,24
7390,4622,4216,Person_7390,20
7391,2012,6093,Person_7391,26
7392,2227,6818,Person_7392,41
7393,7097,9506,Person_7393,59
7394,7081,4517,Person_7394,30
7395,4078,5466,Person_7395,30
7396,2655,3450,Person_7396,55
7397,4620,1335,Person_7397,49
7398,2600,2314,Person_7398,43
7399,1843,8876,Person_7399,52
7400,2406,453,Person_7400,68
7401,2452,9859,Person_7401,28
7402,9884,2048,Person_7402,69
7403,8199,6094,Person_7403,22
7404,3116,364,Person_7404,24
7405,3466,1717,Person_7405,66
7406,9039,2186,Person_7406,70
7407,6580,8529,Person_7407,49
7408,3831,5732,Person_7408,66
7409,6339,1055,Person_7409,62
7410,7532,7658,Person_7410,37
7411,85,848,Person_7411,39
7412,5611,3668,Person_7412,41
7413,8255,74,Person_7413,72
7414,1566,1285,Person_7414,42
7415,5440,2992,Person_7415,66
7416,5909,3609,Person_7416,42
7417,6655,4484,Person_7417,69
7418,7834,3996,Person_7418,72
7419,4147,7777,Person_7419,76
7420,4473,4600,Person_7420,46
7421,1417,8343,Person_7421,37
7422,9603,9461,Person_7422,71
7423,6062,8255,Person_7423,43
7424,9755,5677,Person_7424,32
7425,9903,2373,Person_7425,78
7426,8072,2663,Person_7426,38
7427,8611,2681,Person_7427,48
7428,6124,561,Person_7428,70
7429,633,6259,Person_7429,51
7430,7462,287,Person_7430,31
7431,496,6695,Person_7431,26
7432,4491,5461,Person_7432,69
7433,8603,950,Person_7433,27
7434,8415,4338,Person_7434,67
7435,4498,1513,Person_7435,33
7436,1244,9302,Person_7436,28
7437,262,1041,Person_7437,54
7438,9121,4690,Person_7438,18
7439,9995,1954,Person_7439,47
7440,137,7097,Person_7440,60
7441,710,4608,Person_7441,57
7442,2343,1809,Person_7442,74
7443,1774,2939,Person_7443,66
7444,986,8292,Person_7444,26
7445,6506,3750,Person_7445,42
7446,8968,4931,Person_7446,36
7447,3583,8040,Person_7447,46
7448,1739,2086,Person_7448,68
7449,8782,426,Person_7449,58
7450,5482,5149,Person_7450,29
7451,6147,7605,Person_7451,35
7452,8611,5264,Person_7452,60
7453,1891,9134,Person_7453,59
7454,934,9466,Person_7454,64
7455,6649,7522,Person_7455,35
7456,6123,8007,Person_7456,41
7457,2804,2190,Person_7457,56
7458,8378,507,Person_7458,32
7459,6856,7356,Person_7459,77
7460,4618,9997,Person_7460,70
7461,2688,2065,Person_7461,36
7462,8959,9331,Person_7462,75
7463,6990,5344,Person_7463,41
7464,1914,3562,Person_7464,53
7465,3851,4832,Person_7465,20
7466,3753,2232,Person_7466,53
7467,7261,2466,Person_7467,25
7468,5315,3833,Person_7468,25
7469,913,790,Person_7469,68
7470,5362,9506,Person_7470,56
7471,801,8587,Person_7471,60
7472,556,3690,Person_7472,66
7473,7790,9788,Person_7473,22
7474,8489,600,Person_7474,69
7475,963,9814,Person_7475,76
7476,2139,6735,Person_7476,32
7477,704,1731,Person_7477,64
7478,9227,214,Person_7478,57
7479,1134,4381,Person_7479,31
7480,6180,9771,Person_7480,59
7481,3769,1637,Person_7481,54
7482,7198,8457,Person_7482,55
7483,1753,6080,Person_7483,69
7484,5954,3549,Person_7484,57
7485,7060,9618,Person_7485,44
7486,8849,6863,Person_7486,77
7487,3486,3063,Person_7487,76
7488,6601,5533,Person_7488,68
7489,3101,9946,Person_7489,74
7490,1904,6269,Person_7490,49
7491,2955,9701,Person_7491,49
7492,8338,9275,Person_7492,49
7493,5139,8824,Person_7493,29
7494,5426,8774,Person_7494,56
7495,153,9452,Person_7495,46
7496,56,6386,Person_7496,49
7497,9817,3155,Person_7497,42
7498,4351,3223,Person_7498,55
7499,7931,9076,Person_7499,56
7500,3263,4585,Person_7500,44
